2 0.108816 0.457250 0.049178 0.191327
1 0.756281 0.587145 0.023190 0.146823
3 0.438938 0.532791 0.017007 0.107112
1 0.720109 0.587394 0.020217 0.140659
1 0.698290 0.585187 0.023059 0.143736
1 0.677254 0.585351 0.020326 0.132216
3 0.470895 0.542731 0.018723 0.090532
3 0.455074 0.536659 0.018192 0.103138
1 0.733504 0.587000 0.021431 0.142343
1 0.743095 0.587371 0.018058 0.142948
1 0.702332 0.585819 0.021472 0.144604
1 0.714834 0.585438 0.017567 0.142902
3 0.460788 0.540358 0.017414 0.101781
1 0.692968 0.583090 0.022848 0.141787
1 0.706576 0.587028 0.019383 0.144773
