2 0.108231 0.459120 0.052338 0.189999
1 0.506191 0.639371 0.035058 0.216159
1 0.467169 0.579633 0.024458 0.153026
3 0.277159 0.555943 0.020228 0.130246
3 0.207722 0.549824 0.022965 0.123562
3 0.295727 0.559981 0.023229 0.125724
3 0.257429 0.546566 0.021401 0.119901
3 0.414467 0.553072 0.024785 0.108430
1 0.463008 0.578090 0.024077 0.144313
3 0.314932 0.532934 0.018462 0.110304
1 0.511502 0.628088 0.030538 0.195300
1 0.485901 0.602625 0.020259 0.158635
3 0.263503 0.549852 0.015874 0.127256
3 0.305712 0.548661 0.015721 0.125801
3 0.291985 0.554864 0.022195 0.128358
