1 0.588243 0.637840 0.044302 0.206387
2 0.109834 0.456598 0.048494 0.193287
1 0.380804 0.606628 0.027045 0.166739
3 0.322372 0.557889 0.029645 0.129606
3 0.201262 0.566607 0.027164 0.139977
1 0.400136 0.652580 0.039544 0.200330
3 0.171028 0.565419 0.028991 0.143631
3 0.296893 0.541574 0.024504 0.114010
1 0.345782 0.599771 0.029510 0.181944
1 0.365825 0.592928 0.020132 0.168628
3 0.226115 0.546296 0.020936 0.106576
3 0.205884 0.556331 0.023704 0.131313
1 0.359335 0.591962 0.024843 0.180313
1 0.880741 0.733010 0.112531 0.329237
