2 0.109906 0.457878 0.050567 0.191733
1 0.538815 0.627810 0.030147 0.212796
1 0.428656 0.598506 0.026240 0.144201
1 0.456795 0.568545 0.030273 0.149959
3 0.191311 0.564590 0.043006 0.096042
3 0.299535 0.574330 0.028141 0.143194
3 0.339300 0.555998 0.041087 0.090364
1 0.566419 0.587837 0.026363 0.166706
1 0.398172 0.560114 0.026645 0.155957
3 0.260661 0.568621 0.025557 0.140032
1 0.533887 0.621693 0.030767 0.219539
3 0.419227 0.562855 0.021673 0.113746
3 0.368980 0.524834 0.021971 0.108411
3 0.266847 0.565250 0.023905 0.133539
