2 0.108215 0.460133 0.052268 0.187600
1 0.691546 0.578619 0.019712 0.145511
1 0.732212 0.580629 0.023247 0.152725
1 0.681781 0.582100 0.022785 0.143478
1 0.707599 0.585891 0.021862 0.142968
1 0.758878 0.587021 0.022398 0.144490
3 0.415038 0.535706 0.019501 0.097638
3 0.453467 0.536353 0.018403 0.105233
3 0.437325 0.533780 0.017092 0.110792
1 0.743684 0.582802 0.015274 0.152001
1 0.685309 0.580124 0.020678 0.137845
1 0.721446 0.584753 0.015585 0.148648
3 0.469620 0.542481 0.018983 0.090909
3 0.461229 0.539762 0.015555 0.102610
1 0.714916 0.585248 0.018656 0.146786
