1 0.343784 0.633756 0.038114 0.182861
1 0.608353 0.663517 0.040402 0.233725
1 0.428660 0.573831 0.039744 0.155816
2 0.111055 0.457698 0.047739 0.189480
1 0.580452 0.590411 0.025888 0.145002
1 0.367205 0.575829 0.024353 0.151576
1 0.846047 0.666905 0.059418 0.237128
3 0.183889 0.551126 0.022615 0.124509
3 0.241378 0.571027 0.035898 0.150913
3 0.288723 0.560797 0.022559 0.122698
3 0.169840 0.559295 0.025152 0.135250
3 0.357002 0.535912 0.018831 0.088429
3 0.274567 0.544348 0.020991 0.117820
1 0.601441 0.658265 0.030912 0.227730
