1 0.431136 0.639758 0.037079 0.184677
2 0.109032 0.457214 0.048718 0.191698
1 0.330475 0.600454 0.028440 0.188749
3 0.234383 0.555350 0.025410 0.131629
3 0.282699 0.553026 0.027158 0.121742
1 0.768114 0.698805 0.056160 0.268832
3 0.254839 0.558005 0.020350 0.107383
1 0.474519 0.631387 0.035719 0.197703
1 0.348104 0.595411 0.029358 0.184603
3 0.308466 0.552676 0.019706 0.122485
1 0.382499 0.604086 0.024975 0.164953
3 0.191571 0.564401 0.028756 0.139065
0 0.742113 0.838293 0.027367 0.059911
3 0.238312 0.558098 0.021433 0.125459
