1 0.431819 0.648528 0.036659 0.188828
2 0.108026 0.458413 0.051247 0.191612
1 0.482729 0.573267 0.023836 0.136445
1 0.391789 0.585781 0.029014 0.158040
3 0.268403 0.556926 0.021775 0.131085
1 0.449444 0.563234 0.028102 0.147848
3 0.163807 0.558084 0.036694 0.129997
3 0.293664 0.563720 0.021863 0.117463
3 0.311516 0.536599 0.022678 0.112243
3 0.252802 0.542535 0.019367 0.116965
1 0.548010 0.667083 0.038769 0.260629
3 0.408046 0.549693 0.020562 0.110094
1 0.487031 0.574653 0.024076 0.135775
3 0.265288 0.551307 0.028908 0.132904
