1 0.641935 0.614008 0.033333 0.186729
2 0.109378 0.456192 0.046964 0.191446
1 0.397364 0.573260 0.029727 0.153813
1 0.450317 0.605501 0.034540 0.175752
3 0.239808 0.580283 0.036748 0.161905
1 0.550759 0.613990 0.041107 0.157933
1 0.402438 0.572821 0.028005 0.153143
1 0.484995 0.588215 0.030357 0.138126
1 0.316228 0.584646 0.041901 0.170964
3 0.282110 0.541846 0.029955 0.109734
3 0.189364 0.557058 0.038376 0.129236
3 0.431968 0.556993 0.021990 0.127881
1 0.407930 0.567493 0.020585 0.145163
3 0.434594 0.550103 0.019526 0.118810
