1 0.560524 0.653270 0.037444 0.237800
1 0.443341 0.586856 0.022496 0.154677
2 0.108561 0.458164 0.051741 0.192212
1 0.381346 0.582714 0.030620 0.158107
3 0.160232 0.554864 0.027994 0.119866
1 0.852824 0.648040 0.034132 0.212738
1 0.428075 0.614781 0.029634 0.158196
3 0.329883 0.537956 0.020541 0.115734
3 0.257459 0.541980 0.019905 0.111422
3 0.275738 0.558434 0.024425 0.131635
3 0.412197 0.549198 0.022010 0.105318
3 0.261371 0.548320 0.019223 0.128879
3 0.271122 0.550400 0.018952 0.123267
1 0.440000 0.601988 0.025312 0.178008
3 0.362642 0.513790 0.020138 0.090306
