1 0.518674 0.645583 0.032514 0.210152
1 0.452138 0.571426 0.027641 0.132799
2 0.108794 0.456374 0.046701 0.193838
3 0.414821 0.558236 0.021659 0.104446
0 0.342254 0.347782 0.019489 0.028215
1 0.385379 0.572540 0.034223 0.148907
1 0.349466 0.628210 0.047592 0.166151
1 0.315446 0.581759 0.029870 0.163320
3 0.331721 0.556519 0.023022 0.139694
3 0.284262 0.560294 0.029872 0.128892
3 0.190178 0.542831 0.023915 0.124672
1 0.539023 0.593293 0.026113 0.175346
3 0.334219 0.543757 0.019043 0.119035
3 0.159936 0.576069 0.030981 0.091253
1 0.534885 0.603600 0.025285 0.160455
