2 0.108590 0.459044 0.052951 0.190945
1 0.670072 0.572035 0.022552 0.149058
1 0.695958 0.597152 0.026694 0.160196
1 0.784111 0.600188 0.030272 0.173893
3 0.417849 0.539751 0.020362 0.111566
3 0.407431 0.539125 0.019696 0.109831
1 0.652464 0.583101 0.021447 0.139840
1 0.680760 0.577498 0.014380 0.144061
1 0.730961 0.588846 0.022314 0.133737
3 0.375470 0.538233 0.021907 0.102694
1 0.718095 0.588058 0.020697 0.138530
1 0.758212 0.590173 0.023005 0.134067
1 0.684836 0.581755 0.015520 0.152685
1 0.674922 0.575831 0.023910 0.150743
3 0.413102 0.539258 0.027594 0.116935
1 0.746017 0.586344 0.018047 0.136449
3 0.446251 0.540817 0.021532 0.103559
