1 0.318917 0.619374 0.041022 0.196071
2 0.106363 0.456434 0.044613 0.194561
1 0.448136 0.618482 0.031956 0.153664
1 0.626303 0.617059 0.033824 0.193458
3 0.152056 0.552593 0.024870 0.116951
3 0.362706 0.555988 0.031288 0.142908
3 0.416787 0.558712 0.020114 0.113317
3 0.333558 0.566294 0.031351 0.144636
1 0.471419 0.575801 0.026123 0.137404
3 0.400841 0.552528 0.017255 0.116025
3 0.388107 0.538466 0.018866 0.123284
1 0.434838 0.572237 0.023656 0.145579
3 0.398626 0.543789 0.020771 0.129422
1 0.775710 0.598730 0.056087 0.173874
1 0.440603 0.566105 0.027422 0.139558
3 0.413042 0.556397 0.019451 0.112700
3 0.127610 0.559697 0.024990 0.127154
1 0.437221 0.556099 0.026383 0.113504
