1 0.421348 0.602762 0.051451 0.201056
1 0.372498 0.612995 0.032190 0.161345
1 0.351473 0.577252 0.027434 0.156868
2 0.112264 0.451714 0.044713 0.187425
3 0.189168 0.550529 0.028593 0.122188
1 0.619478 0.588785 0.025195 0.144142
3 0.300828 0.562894 0.021813 0.139607
3 0.287867 0.558607 0.022534 0.127500
3 0.290417 0.570173 0.026752 0.151876
1 0.696754 0.746107 0.082544 0.312745
1 0.629626 0.589451 0.026878 0.141966
3 0.284783 0.546034 0.020333 0.096277
0 0.672501 0.168226 0.023646 0.051787
3 0.119212 0.561136 0.024732 0.110874
1 0.635064 0.590021 0.029219 0.143224
