2 0.104938 0.456084 0.041142 0.189034
1 0.369843 0.624438 0.033335 0.210970
1 0.467329 0.634639 0.032768 0.223034
1 0.597150 0.614933 0.033094 0.192193
1 0.483204 0.613752 0.023726 0.163572
1 0.545361 0.576808 0.026899 0.151901
3 0.344721 0.539355 0.024023 0.112345
3 0.415322 0.552362 0.030442 0.109339
3 0.443167 0.548095 0.024327 0.118942
1 0.459122 0.613814 0.028253 0.194994
3 0.277688 0.577243 0.033618 0.148669
3 0.189291 0.541428 0.027484 0.127068
3 0.260836 0.545774 0.018232 0.106760
3 0.262205 0.559431 0.018614 0.135324
