1 0.578848 0.603463 0.024978 0.179209
1 0.409070 0.580571 0.029741 0.165735
2 0.109098 0.456358 0.047295 0.192247
3 0.376859 0.561344 0.023054 0.131103
3 0.330072 0.549789 0.027227 0.105321
1 0.303880 0.594117 0.042205 0.176158
3 0.353165 0.570940 0.023925 0.137800
3 0.178767 0.552077 0.028737 0.138609
3 0.271530 0.554619 0.024005 0.113996
1 0.458309 0.613760 0.024943 0.160401
1 0.436209 0.609139 0.034304 0.193311
3 0.464409 0.548371 0.022642 0.110696
3 0.355880 0.553505 0.023019 0.126390
1 0.573486 0.604143 0.027654 0.176394
