1 0.392789 0.602045 0.029355 0.165811
1 0.530695 0.613551 0.043902 0.191392
2 0.109581 0.456687 0.049693 0.194231
1 0.612883 0.603334 0.033993 0.181510
3 0.436075 0.565479 0.025211 0.132859
3 0.329041 0.574515 0.029411 0.130989
3 0.230465 0.573649 0.028046 0.149580
3 0.156799 0.550632 0.026277 0.133752
1 0.196631 0.602496 0.057561 0.181753
3 0.280927 0.545801 0.027188 0.113605
3 0.357684 0.543672 0.019435 0.099530
1 0.416200 0.566449 0.023772 0.141138
3 0.279272 0.546224 0.036720 0.120176
1 0.412626 0.573650 0.020478 0.137947
