1 0.611971 0.640329 0.035604 0.225868
1 0.430376 0.646664 0.037477 0.185655
3 0.180287 0.561769 0.046849 0.100551
1 0.341415 0.582468 0.026726 0.152887
2 0.108899 0.457160 0.050742 0.192263
1 0.470205 0.575154 0.025561 0.133149
1 0.767695 0.626722 0.035264 0.177861
3 0.407353 0.553855 0.022643 0.106438
3 0.265271 0.547778 0.020185 0.104751
3 0.322361 0.535475 0.017723 0.096974
3 0.309775 0.566422 0.022275 0.130371
3 0.321959 0.556656 0.017800 0.138034
1 0.431105 0.550063 0.025605 0.104170
3 0.284341 0.559978 0.028215 0.122550
3 0.317041 0.561911 0.026928 0.144518
