1 0.531450 0.629870 0.045505 0.220799
3 0.322879 0.540462 0.021760 0.103496
2 0.109191 0.452881 0.047135 0.186245
1 0.738686 0.620842 0.034247 0.171259
1 0.902498 0.746634 0.057319 0.308508
1 0.301476 0.589318 0.026737 0.143157
1 0.345029 0.580928 0.027151 0.151623
3 0.269899 0.554362 0.023417 0.132576
3 0.204597 0.542140 0.032640 0.124453
1 0.402287 0.568523 0.024370 0.155657
3 0.385509 0.546152 0.023576 0.120766
3 0.283556 0.554950 0.018584 0.131532
3 0.388088 0.558628 0.022057 0.147197
1 0.397857 0.566722 0.027137 0.158352
1 0.296717 0.587570 0.028900 0.148704
