1 0.502714 0.620063 0.028099 0.193218
2 0.109581 0.457682 0.050077 0.193410
1 0.592862 0.604940 0.032785 0.182457
1 0.393253 0.612949 0.025324 0.168049
3 0.419461 0.546341 0.026851 0.120805
3 0.293991 0.545955 0.025287 0.125247
3 0.227773 0.568461 0.041093 0.146608
1 0.376195 0.604026 0.027333 0.171782
3 0.342032 0.541740 0.022875 0.103015
1 0.545163 0.595516 0.028699 0.147482
3 0.315107 0.567116 0.023129 0.127212
1 0.497962 0.616016 0.030463 0.201150
3 0.151107 0.534900 0.025519 0.106085
3 0.310165 0.560783 0.019636 0.127150
