0 0.878118 0.265187 0.020621 0.045180
1 0.630949 0.642896 0.039187 0.224079
1 0.430433 0.554251 0.027870 0.118689
1 0.422451 0.646703 0.039400 0.184456
2 0.108399 0.456782 0.049329 0.192117
1 0.464142 0.575141 0.030055 0.140520
1 0.352259 0.581219 0.031657 0.162203
3 0.278280 0.560039 0.019977 0.128259
3 0.294084 0.564463 0.020572 0.116632
3 0.314281 0.536737 0.021025 0.110500
3 0.401941 0.553470 0.022084 0.107345
3 0.176838 0.565909 0.033942 0.101589
1 0.881818 0.649218 0.057810 0.196034
3 0.269188 0.554452 0.028518 0.130101
3 0.274174 0.558803 0.026782 0.127756
1 0.428285 0.575100 0.032149 0.166010
3 0.262778 0.546593 0.019769 0.116538
