1 0.351022 0.639219 0.039391 0.185835
0 0.912934 0.243257 0.020349 0.041591
2 0.109676 0.457423 0.049520 0.194106
1 0.448816 0.579554 0.030599 0.135718
1 0.574960 0.654784 0.045070 0.238695
3 0.212393 0.545860 0.026587 0.107218
3 0.411330 0.555666 0.019481 0.116173
3 0.321406 0.544885 0.019775 0.120692
1 0.963281 0.662049 0.045478 0.206749
3 0.284604 0.555495 0.024982 0.133207
3 0.318218 0.551602 0.023961 0.127387
1 0.426239 0.567219 0.023976 0.153794
3 0.312979 0.556180 0.026732 0.131277
3 0.184434 0.565712 0.031455 0.099421
1 0.371056 0.569641 0.029260 0.148433
3 0.420144 0.567240 0.032273 0.145425
