2 0.104490 0.454480 0.037134 0.187936
1 0.345612 0.573630 0.028369 0.153103
1 0.522681 0.618357 0.030030 0.189924
1 0.434654 0.631743 0.052752 0.228985
3 0.321019 0.572884 0.025145 0.142901
1 0.372354 0.576363 0.029137 0.154077
3 0.224062 0.554069 0.029374 0.129027
1 0.504232 0.589611 0.025626 0.141546
1 0.911801 0.660608 0.045352 0.211599
0 0.719578 0.658402 0.020623 0.032734
3 0.291401 0.535901 0.019723 0.110994
3 0.160336 0.570704 0.024598 0.127194
3 0.275568 0.549363 0.019804 0.113882
3 0.390604 0.550733 0.019697 0.100132
1 0.509980 0.602776 0.021655 0.170953
