1 0.324432 0.607259 0.032957 0.193873
2 0.105581 0.453411 0.041090 0.191717
1 0.482466 0.595559 0.026401 0.160373
1 0.813326 0.630649 0.042630 0.203080
1 0.369239 0.577300 0.026900 0.152731
1 0.520931 0.604001 0.030171 0.152595
3 0.181823 0.558009 0.030011 0.128452
3 0.402944 0.548984 0.032220 0.123477
3 0.141696 0.554674 0.024763 0.132570
1 0.459814 0.569699 0.021628 0.130235
3 0.348058 0.554413 0.023526 0.134759
1 0.465625 0.573408 0.019522 0.138312
1 0.443657 0.579770 0.020356 0.090068
3 0.352541 0.551874 0.020160 0.129057
3 0.338126 0.553410 0.020101 0.117980
