2 0.108182 0.455804 0.047656 0.192983
1 0.472202 0.560751 0.027155 0.145907
1 0.551550 0.645176 0.039240 0.232073
1 0.357999 0.597213 0.031348 0.154989
1 0.625195 0.688297 0.041573 0.251222
3 0.180323 0.567533 0.023199 0.141094
3 0.228428 0.549727 0.029718 0.137635
1 0.662168 0.612156 0.034700 0.165635
3 0.394282 0.550472 0.025292 0.121221
3 0.314021 0.568427 0.021800 0.149760
1 0.330930 0.579527 0.023722 0.156377
3 0.161580 0.566159 0.022269 0.120332
3 0.338393 0.544897 0.018510 0.108816
3 0.336212 0.556092 0.019661 0.119039
