1 0.561839 0.631802 0.036933 0.204492
2 0.109774 0.457726 0.051443 0.191723
1 0.780760 0.639752 0.045569 0.212521
1 0.494609 0.581444 0.037564 0.160305
1 0.367269 0.618580 0.034162 0.171253
3 0.207172 0.564564 0.027361 0.142612
3 0.231739 0.544850 0.023167 0.110712
3 0.325803 0.551779 0.021517 0.123606
1 0.440190 0.589941 0.027759 0.158139
1 0.392450 0.589353 0.032731 0.171454
3 0.283003 0.548069 0.026327 0.122269
3 0.305991 0.568446 0.028562 0.136282
3 0.379580 0.553903 0.020021 0.115777
1 0.371698 0.607288 0.032042 0.183841
