1 0.268908 0.616644 0.042966 0.210079
1 0.553276 0.621582 0.032315 0.198804
1 0.441840 0.639978 0.049334 0.184468
2 0.103895 0.455303 0.038374 0.192832
3 0.204416 0.578755 0.031272 0.159969
1 0.598171 0.603465 0.031923 0.187722
3 0.225854 0.539414 0.026702 0.117732
3 0.429872 0.564030 0.026809 0.137486
1 0.623780 0.590465 0.025650 0.154479
3 0.349600 0.566031 0.035647 0.154776
1 0.629930 0.590515 0.027048 0.153070
1 0.635447 0.588584 0.023801 0.157113
1 0.603321 0.595330 0.024275 0.169446
3 0.135389 0.530504 0.023739 0.112756
3 0.344199 0.557228 0.022880 0.148105
