1 0.603798 0.609502 0.026224 0.200727
1 0.379025 0.571647 0.024445 0.150599
2 0.109881 0.452469 0.047955 0.193639
1 0.333279 0.635582 0.032964 0.188686
3 0.323792 0.538592 0.027325 0.108090
1 0.836163 0.638039 0.037321 0.182629
1 0.448882 0.636119 0.035995 0.213569
1 0.397587 0.570318 0.023719 0.145436
3 0.416803 0.561342 0.023214 0.141185
3 0.175650 0.547024 0.029565 0.128964
3 0.129594 0.565731 0.023752 0.124900
3 0.269231 0.549898 0.031840 0.112059
1 0.596845 0.608601 0.029962 0.206038
3 0.400411 0.571214 0.022169 0.144494
