1 0.565235 0.629617 0.033392 0.200007
1 0.590680 0.603802 0.026670 0.184349
2 0.107712 0.456222 0.045031 0.192127
1 0.358205 0.621622 0.033541 0.170251
1 0.436984 0.568282 0.028954 0.151995
1 0.515392 0.587810 0.026793 0.142270
3 0.176801 0.559466 0.028683 0.140415
3 0.321094 0.572427 0.031259 0.150493
3 0.227255 0.544803 0.028543 0.126273
3 0.403475 0.555832 0.024578 0.115288
3 0.134431 0.562650 0.026523 0.119523
3 0.345908 0.541384 0.019960 0.123898
3 0.339814 0.553229 0.017175 0.121005
3 0.335847 0.565372 0.020037 0.138493
1 0.362084 0.594389 0.031302 0.169972
