1 0.178353 0.627818 0.053448 0.189383
1 0.394899 0.633506 0.045139 0.181531
1 0.611169 0.604646 0.034560 0.182038
2 0.109723 0.456953 0.049968 0.193997
1 0.558995 0.626827 0.035851 0.193773
1 0.358451 0.575506 0.029848 0.161278
3 0.381998 0.563394 0.023569 0.126594
1 0.489219 0.582885 0.029219 0.131667
3 0.267969 0.543398 0.025299 0.122199
3 0.315373 0.568626 0.024394 0.145607
0 0.516750 0.382238 0.017284 0.033306
3 0.383428 0.550145 0.019298 0.109304
3 0.295244 0.572118 0.024225 0.146202
3 0.307433 0.570684 0.019098 0.146565
3 0.311342 0.567217 0.026385 0.152218
