1 0.276217 0.601830 0.035478 0.190789
1 0.394423 0.622971 0.036926 0.199801
1 0.525789 0.637945 0.031424 0.185482
2 0.103170 0.454582 0.043093 0.192413
1 0.582207 0.609663 0.031760 0.185630
1 0.605513 0.585285 0.023409 0.173377
3 0.204837 0.586335 0.036649 0.148100
1 0.350291 0.580701 0.034352 0.147651
3 0.408165 0.562671 0.031860 0.143354
3 0.320500 0.571988 0.027571 0.151949
3 0.290705 0.543737 0.021724 0.107721
1 0.587089 0.601323 0.026158 0.185728
3 0.164102 0.526735 0.025202 0.103797
3 0.370987 0.533496 0.024845 0.127812
1 0.598388 0.593452 0.025777 0.178884
