1 0.255832 0.605849 0.031781 0.201275
1 0.645523 0.616137 0.032621 0.207123
1 0.533961 0.621004 0.035960 0.203550
1 0.604546 0.590814 0.023335 0.154930
2 0.110395 0.454478 0.044698 0.185948
3 0.326771 0.538230 0.021183 0.102876
1 0.447826 0.654491 0.039671 0.202208
3 0.233988 0.578116 0.025863 0.163222
1 0.622507 0.590552 0.022815 0.146311
3 0.387235 0.566677 0.027736 0.138536
3 0.139078 0.549314 0.025395 0.105517
3 0.441869 0.555548 0.026660 0.119926
3 0.213136 0.543315 0.024271 0.120543
1 0.599378 0.589368 0.028817 0.158768
