1 0.423622 0.616237 0.031342 0.160702
1 0.643044 0.632593 0.034320 0.203135
2 0.108627 0.456209 0.046257 0.192477
1 0.449788 0.598233 0.028919 0.156587
1 0.320039 0.592222 0.029425 0.169570
1 0.919417 0.665109 0.046685 0.249306
3 0.177137 0.559059 0.024055 0.138521
1 0.485917 0.559687 0.032048 0.141902
3 0.197616 0.551368 0.023520 0.114115
3 0.356463 0.548898 0.020955 0.125724
1 0.494211 0.561355 0.041356 0.140721
1 0.635042 0.630623 0.032518 0.217888
3 0.426533 0.538318 0.017869 0.094847
3 0.182519 0.552866 0.024107 0.131552
3 0.303227 0.556994 0.019346 0.126632
