1 0.516664 0.633281 0.037836 0.184445
1 0.303390 0.597964 0.031745 0.183579
2 0.108781 0.455129 0.047647 0.189971
1 0.417435 0.632080 0.042453 0.200297
1 0.589018 0.588296 0.026705 0.167979
3 0.143533 0.574167 0.031877 0.132115
3 0.282909 0.545186 0.019357 0.112159
3 0.340972 0.571260 0.029283 0.149406
1 0.547691 0.600901 0.027689 0.174872
1 0.388632 0.573746 0.025276 0.135350
3 0.428144 0.538771 0.027746 0.107167
3 0.358940 0.535825 0.021422 0.109295
3 0.219028 0.530960 0.029549 0.105810
3 0.342412 0.536658 0.021739 0.118514
