1 0.266675 0.595331 0.032825 0.181925
2 0.111582 0.456864 0.046334 0.189600
1 0.529849 0.591762 0.028136 0.160450
3 0.295124 0.571300 0.026886 0.146575
0 0.901111 0.687541 0.018262 0.030967
1 0.470903 0.645084 0.042879 0.227815
1 0.587584 0.586944 0.026448 0.151913
1 0.506826 0.619648 0.029647 0.167542
3 0.318533 0.548644 0.025897 0.121402
3 0.201767 0.563209 0.028735 0.124366
1 0.513303 0.613530 0.025022 0.179049
3 0.406691 0.558959 0.027095 0.135041
3 0.359972 0.545053 0.021999 0.122333
1 0.523366 0.604012 0.024797 0.183641
1 0.500938 0.638664 0.029900 0.210880
3 0.310113 0.550240 0.018261 0.121491
3 0.304864 0.560815 0.015582 0.134382
