1 0.540546 0.592958 0.024079 0.181613
2 0.107858 0.457440 0.043459 0.188338
1 0.347368 0.597532 0.034118 0.156757
3 0.438756 0.549967 0.022378 0.127909
1 0.382320 0.577226 0.026538 0.159631
1 0.521650 0.585259 0.020769 0.154696
3 0.402569 0.553854 0.023558 0.130727
3 0.169900 0.555091 0.026204 0.118229
1 0.531599 0.593730 0.022606 0.175552
3 0.213841 0.569726 0.041092 0.149654
3 0.250717 0.544589 0.025498 0.118366
1 0.422411 0.583692 0.026431 0.154368
3 0.421384 0.583928 0.026246 0.152468
3 0.407841 0.553139 0.020360 0.120863
