1 0.517929 0.607454 0.035604 0.191531
1 0.478012 0.600117 0.026305 0.169090
2 0.108868 0.458622 0.050193 0.192054
1 0.455206 0.614597 0.026751 0.169294
1 0.421808 0.593510 0.026130 0.173539
1 0.445422 0.610188 0.023021 0.170791
3 0.303548 0.563755 0.029348 0.144123
3 0.392774 0.566221 0.022667 0.135822
1 0.442468 0.601774 0.020894 0.166159
3 0.241732 0.548983 0.026804 0.126870
3 0.379548 0.547567 0.019124 0.105703
1 0.472949 0.607121 0.023055 0.179624
1 0.428845 0.585114 0.027989 0.170029
3 0.401831 0.561565 0.017802 0.128641
3 0.386810 0.565294 0.024855 0.139519
