2 0.109310 0.455855 0.047259 0.192862
1 0.566894 0.583881 0.024591 0.152754
3 0.186894 0.567792 0.031694 0.144513
3 0.332735 0.541701 0.022091 0.110237
3 0.315057 0.553023 0.022040 0.129331
1 0.295014 0.591973 0.024919 0.166080
1 0.375530 0.579169 0.024345 0.146865
1 0.354385 0.609395 0.025876 0.157066
3 0.245995 0.550590 0.024626 0.112104
3 0.418743 0.553757 0.027028 0.110197
1 0.667688 0.656976 0.039337 0.247504
1 0.679414 0.659744 0.034821 0.243427
1 0.683463 0.641699 0.027747 0.218641
3 0.281738 0.558453 0.024326 0.131473
