1 0.346171 0.651787 0.050399 0.240847
1 0.502194 0.583172 0.029652 0.142472
2 0.110129 0.456230 0.050067 0.191363
1 0.382523 0.614871 0.027575 0.154797
3 0.343770 0.536412 0.023527 0.099641
1 0.614967 0.594698 0.029622 0.166768
1 0.418606 0.567821 0.027559 0.156719
3 0.156088 0.572254 0.032955 0.113681
3 0.286846 0.552031 0.024462 0.151782
3 0.365357 0.564409 0.022721 0.130987
3 0.260887 0.565711 0.021951 0.142627
3 0.283602 0.563423 0.024692 0.163536
1 0.271041 0.584787 0.027068 0.165124
1 0.275497 0.585263 0.024118 0.154869
3 0.265546 0.546056 0.023875 0.111779
3 0.264056 0.576954 0.022933 0.163165
