1 0.605107 0.604288 0.031472 0.182436
3 0.333054 0.544396 0.021901 0.117168
1 0.560929 0.642465 0.040751 0.222686
3 0.304134 0.558450 0.025429 0.131799
1 0.350824 0.584911 0.026492 0.151380
2 0.109020 0.446373 0.048297 0.168171
1 0.489197 0.570535 0.023651 0.122261
3 0.155078 0.553254 0.026199 0.117594
1 0.375886 0.623542 0.034989 0.159980
1 0.443893 0.564341 0.025697 0.139369
3 0.387749 0.550884 0.024187 0.124826
3 0.298603 0.558400 0.023605 0.127611
3 0.336801 0.552442 0.023139 0.138764
1 0.434783 0.562551 0.020530 0.132583
1 0.439027 0.563685 0.026086 0.138728
3 0.117340 0.556609 0.025537 0.125601
