1 0.492076 0.614277 0.035928 0.201871
1 0.352156 0.621031 0.036697 0.172676
2 0.109747 0.456485 0.047203 0.192529
1 0.395044 0.545135 0.024203 0.142570
3 0.271286 0.572450 0.035169 0.144177
1 0.593625 0.594281 0.032433 0.175493
1 0.254160 0.631598 0.037628 0.175328
3 0.307241 0.549248 0.024196 0.124265
3 0.170385 0.563214 0.033245 0.115325
3 0.416558 0.564372 0.025272 0.121653
3 0.347692 0.549959 0.024383 0.121390
3 0.202082 0.543187 0.026570 0.121920
1 0.365828 0.573752 0.026156 0.151199
1 0.358103 0.616696 0.035224 0.179563
