1 0.577547 0.609208 0.027409 0.189145
1 0.520367 0.582205 0.033542 0.158819
2 0.109397 0.456329 0.046306 0.191889
3 0.279996 0.580823 0.026800 0.147203
3 0.411034 0.555112 0.026777 0.130227
3 0.202950 0.554945 0.029467 0.134647
1 0.447996 0.617803 0.029109 0.169046
1 0.345743 0.586949 0.025272 0.135639
1 0.240501 0.591050 0.033181 0.167713
3 0.304505 0.560233 0.021036 0.115947
3 0.356210 0.538991 0.017722 0.094435
1 0.232950 0.587837 0.026499 0.163222
1 0.323391 0.584682 0.026120 0.163950
3 0.345998 0.508887 0.020100 0.079111
1 0.248645 0.581787 0.023429 0.139718
1 0.350265 0.587207 0.025301 0.135720
