1 0.343316 0.629460 0.036885 0.177814
1 0.627820 0.622280 0.038411 0.202140
2 0.105208 0.450425 0.040615 0.189024
1 0.428066 0.569770 0.024757 0.149593
3 0.258687 0.551267 0.022984 0.133571
1 0.562806 0.585298 0.037838 0.149427
3 0.177306 0.542008 0.030013 0.125785
3 0.293877 0.575248 0.035547 0.154286
1 0.360489 0.579041 0.028234 0.149937
3 0.351095 0.507767 0.017600 0.078908
3 0.280111 0.540165 0.019344 0.106347
3 0.372233 0.533414 0.020192 0.105045
0 0.809076 0.713706 0.028818 0.062073
3 0.283815 0.565355 0.024747 0.152855
1 0.867143 0.812009 0.075044 0.359581
