1 0.444034 0.621750 0.037427 0.165429
1 0.538398 0.603234 0.029330 0.177446
1 0.354518 0.585741 0.023660 0.148203
2 0.108951 0.457444 0.050524 0.190930
1 0.332724 0.576838 0.026511 0.159157
1 0.410349 0.573613 0.028637 0.140793
3 0.286775 0.541237 0.025191 0.113821
3 0.259068 0.565188 0.026874 0.122451
1 0.339287 0.579684 0.018433 0.157806
1 0.724105 0.689566 0.052432 0.282207
1 0.349957 0.580902 0.024405 0.157490
3 0.169990 0.562944 0.027148 0.136150
3 0.396435 0.543102 0.021235 0.112218
3 0.184213 0.551226 0.019990 0.126525
3 0.316786 0.511044 0.016857 0.073268
