1 0.423548 0.629840 0.033371 0.173399
1 0.401263 0.586222 0.019548 0.144805
2 0.109281 0.455848 0.047157 0.189578
3 0.215062 0.569620 0.055652 0.109202
1 0.488641 0.598152 0.030427 0.176271
1 0.569168 0.582938 0.026796 0.163898
3 0.142650 0.579430 0.030748 0.129117
1 0.458152 0.576698 0.024366 0.139619
3 0.337578 0.543699 0.019473 0.101445
1 0.283911 0.592845 0.036387 0.126559
3 0.321804 0.560149 0.038673 0.093856
3 0.331678 0.553336 0.026412 0.102179
3 0.385807 0.549429 0.019365 0.106569
3 0.266836 0.573471 0.029151 0.140260
1 0.383805 0.580173 0.022398 0.167164
3 0.269522 0.558709 0.027502 0.102293
3 0.363966 0.521525 0.018958 0.105747
3 0.340671 0.547409 0.018699 0.101558
