1 0.291862 0.623451 0.040248 0.181542
1 0.537928 0.612682 0.039492 0.193243
1 0.625044 0.598987 0.027374 0.169599
2 0.108989 0.455483 0.047140 0.193626
1 0.410142 0.614785 0.046190 0.154798
1 0.434593 0.570284 0.033745 0.138993
3 0.342911 0.558230 0.026175 0.134984
3 0.207918 0.557211 0.024472 0.137882
3 0.309758 0.552234 0.024439 0.118560
3 0.377862 0.538088 0.017552 0.109081
3 0.193876 0.571722 0.024127 0.134514
1 0.512164 0.576772 0.019230 0.117619
3 0.366248 0.562899 0.023562 0.141452
3 0.198324 0.571748 0.028878 0.130122
