1 0.284568 0.614610 0.040376 0.195958
1 0.420425 0.632290 0.044048 0.200015
1 0.533819 0.630867 0.034182 0.182993
2 0.101434 0.455205 0.046649 0.195500
1 0.612521 0.590775 0.029602 0.177685
3 0.198091 0.585138 0.033044 0.146663
1 0.588984 0.601920 0.028041 0.185491
3 0.314402 0.570169 0.028987 0.154329
3 0.430229 0.543883 0.026864 0.114758
3 0.276988 0.541422 0.021564 0.109181
1 0.402160 0.573956 0.024178 0.143437
3 0.146433 0.526960 0.027081 0.104775
1 0.412282 0.620677 0.040067 0.214657
3 0.368604 0.540814 0.023085 0.113764
3 0.350859 0.510280 0.018940 0.085894
