0 0.926356 0.191335 0.021774 0.044864
2 0.108852 0.456760 0.049206 0.192525
3 0.327833 0.542393 0.021322 0.113684
1 0.423003 0.634996 0.038056 0.181717
1 0.547824 0.637938 0.039241 0.217910
1 0.362882 0.579130 0.034176 0.159417
3 0.155854 0.552702 0.033166 0.113818
1 0.403643 0.572692 0.032476 0.157834
1 0.446103 0.574157 0.026996 0.132404
3 0.252104 0.559679 0.027078 0.131699
3 0.284625 0.565327 0.023676 0.116936
1 0.979976 0.665959 0.039029 0.202731
3 0.271986 0.561418 0.019915 0.121633
1 0.898603 0.758394 0.063000 0.268325
