1 0.628893 0.645870 0.035623 0.224264
2 0.108093 0.458650 0.049615 0.190417
1 0.453792 0.572475 0.022524 0.128248
1 0.410252 0.653104 0.037352 0.191730
3 0.309090 0.536587 0.021563 0.108763
1 0.417995 0.558185 0.027257 0.130278
3 0.267811 0.555529 0.023918 0.131426
1 0.366691 0.579454 0.033560 0.153455
3 0.145521 0.554107 0.027382 0.120517
3 0.293295 0.564210 0.023423 0.116571
3 0.262987 0.554390 0.029132 0.133611
1 0.402177 0.557446 0.020927 0.131355
1 0.372573 0.581252 0.025053 0.153060
3 0.255577 0.552639 0.025325 0.121840
