1 0.495773 0.631582 0.034943 0.177544
1 0.340220 0.599917 0.028437 0.176250
2 0.109727 0.455419 0.047124 0.192524
1 0.369481 0.631491 0.040434 0.208507
1 0.541002 0.600925 0.029997 0.174840
3 0.176329 0.570981 0.028537 0.133782
1 0.582755 0.583485 0.037890 0.166660
3 0.401724 0.552368 0.028995 0.129994
3 0.297525 0.552970 0.027552 0.106833
3 0.337308 0.540591 0.023320 0.114483
3 0.321916 0.574315 0.023149 0.138890
1 0.588608 0.585437 0.027455 0.163395
3 0.163376 0.531575 0.025691 0.106249
3 0.339743 0.514829 0.021004 0.069786
