1 0.351591 0.620556 0.036982 0.197419
2 0.110276 0.458000 0.054036 0.192737
1 0.779108 0.666121 0.048549 0.201352
3 0.381400 0.556084 0.020617 0.133382
1 0.615707 0.671701 0.045020 0.254496
3 0.292757 0.543028 0.020725 0.119958
3 0.305736 0.567326 0.022608 0.133170
1 0.399724 0.572234 0.032095 0.149796
3 0.254577 0.546817 0.034613 0.129753
1 0.466664 0.559037 0.023694 0.141606
3 0.203072 0.577683 0.027001 0.156984
1 0.325248 0.587215 0.025556 0.137918
3 0.297559 0.559902 0.018863 0.123252
3 0.363692 0.521189 0.015474 0.090130
1 0.322142 0.585149 0.024142 0.155770
