1 0.303550 0.606588 0.034539 0.196233
1 0.395305 0.570645 0.027644 0.149024
1 0.357426 0.580063 0.029131 0.154499
1 0.535241 0.608869 0.033811 0.168575
2 0.111621 0.453129 0.045274 0.190030
1 0.504871 0.598386 0.025640 0.148496
3 0.189329 0.545242 0.030793 0.120186
3 0.283265 0.555054 0.022955 0.136145
0 0.902935 0.898299 0.028971 0.059223
1 0.385244 0.558164 0.021094 0.138069
3 0.310795 0.529092 0.020674 0.082852
1 0.390299 0.567469 0.027168 0.152115
1 0.381535 0.540684 0.017383 0.104301
0 0.551940 0.406299 0.019439 0.052282
