1 0.589562 0.631395 0.034768 0.213263
1 0.341767 0.613092 0.023256 0.154801
2 0.109510 0.458065 0.049655 0.189387
1 0.376045 0.571218 0.032071 0.159156
1 0.330082 0.594256 0.023160 0.150572
3 0.267350 0.554678 0.022540 0.132624
3 0.230003 0.549695 0.032267 0.126058
3 0.305330 0.566104 0.023211 0.139286
1 0.645320 0.712560 0.053194 0.284348
1 0.613120 0.596763 0.022326 0.156118
1 0.608240 0.599261 0.021458 0.167405
3 0.293036 0.559498 0.021116 0.139089
3 0.297763 0.564124 0.025446 0.139247
3 0.334818 0.558907 0.025911 0.126990
