0 0.579159 0.382380 0.019413 0.034536
1 0.316241 0.608510 0.035225 0.176298
2 0.110204 0.456587 0.051250 0.193536
1 0.626150 0.602322 0.031785 0.156309
3 0.198472 0.558891 0.034634 0.127303
1 0.574552 0.618801 0.038012 0.200344
3 0.340402 0.572932 0.027254 0.147777
1 0.486461 0.571613 0.024960 0.128519
1 0.426660 0.614227 0.041441 0.156468
3 0.392086 0.559866 0.026909 0.138271
3 0.145656 0.557823 0.029435 0.133190
3 0.456888 0.553771 0.018829 0.118903
3 0.468235 0.560919 0.020417 0.120369
3 0.463021 0.556432 0.021040 0.115066
