1 0.515897 0.616939 0.031896 0.197715
1 0.363297 0.610432 0.032301 0.205367
2 0.114751 0.456592 0.056507 0.194284
1 0.481363 0.629827 0.032153 0.197173
3 0.226292 0.556372 0.027254 0.136130
3 0.320179 0.546745 0.029231 0.122061
3 0.269616 0.568698 0.026579 0.137594
3 0.287971 0.547690 0.020841 0.117673
3 0.247932 0.562694 0.021910 0.116751
1 0.491136 0.606994 0.025615 0.224337
1 0.491935 0.576975 0.022670 0.156671
3 0.277926 0.562100 0.024548 0.131145
1 0.472705 0.626237 0.031322 0.191920
3 0.259576 0.568530 0.027488 0.133173
1 0.369526 0.597604 0.028408 0.181974
1 0.487071 0.628746 0.028174 0.195811
1 0.373035 0.579305 0.025317 0.146350
