1 0.313339 0.598164 0.037582 0.188555
1 0.391317 0.628066 0.030923 0.198139
2 0.105892 0.453767 0.041742 0.192328
1 0.537565 0.598075 0.030238 0.176622
1 0.490486 0.628664 0.044468 0.183513
1 0.430270 0.573015 0.024326 0.133374
3 0.252112 0.571567 0.029152 0.130579
1 0.586547 0.587749 0.026300 0.167312
3 0.408750 0.562371 0.025682 0.136998
3 0.347642 0.566662 0.023355 0.149366
3 0.351991 0.570912 0.023684 0.146481
3 0.343017 0.543287 0.020985 0.144604
3 0.331999 0.559531 0.018869 0.137408
3 0.413089 0.566121 0.022036 0.137232
3 0.339887 0.556777 0.018886 0.131349
3 0.327041 0.553615 0.017138 0.133247
3 0.342353 0.507769 0.018213 0.073921
3 0.361782 0.560348 0.016707 0.146102
