1 0.629037 0.594553 0.030129 0.181197
1 0.414559 0.630647 0.045402 0.201815
2 0.108163 0.455960 0.048073 0.194177
1 0.287506 0.612342 0.046078 0.200450
1 0.576955 0.596167 0.030598 0.184119
1 0.535217 0.629088 0.037536 0.177560
3 0.331151 0.571386 0.029399 0.150179
3 0.163137 0.538458 0.027255 0.117475
3 0.274006 0.542985 0.023689 0.111811
3 0.203529 0.584778 0.029144 0.142942
3 0.413637 0.540184 0.020828 0.097445
3 0.369563 0.541527 0.023578 0.114731
3 0.353652 0.511209 0.017869 0.088021
1 0.398106 0.572305 0.022568 0.148407
3 0.413270 0.548524 0.026439 0.113063
