1 0.528122 0.614052 0.032206 0.189033
3 0.430599 0.561176 0.024404 0.117490
2 0.105010 0.452963 0.040022 0.185410
1 0.599919 0.618135 0.031928 0.157008
1 0.629233 0.587853 0.024662 0.159479
1 0.462654 0.580415 0.025663 0.161380
1 0.397419 0.574707 0.029804 0.139683
1 0.439997 0.632170 0.051202 0.222824
3 0.145958 0.558341 0.029146 0.130392
3 0.304405 0.563155 0.022412 0.140381
3 0.317074 0.555572 0.019366 0.132710
3 0.312850 0.562741 0.021599 0.145650
3 0.076882 0.532474 0.024643 0.108007
3 0.382013 0.521289 0.016436 0.082830
