1 0.385567 0.625876 0.039057 0.198982
1 0.285172 0.603327 0.033982 0.189227
1 0.441599 0.630809 0.039463 0.182311
1 0.570020 0.600169 0.026572 0.178202
2 0.109722 0.455998 0.048576 0.193682
3 0.345322 0.563956 0.032491 0.154827
3 0.167548 0.573960 0.025336 0.127837
3 0.302677 0.545009 0.019902 0.110726
1 0.556110 0.582908 0.024047 0.155328
3 0.155484 0.532369 0.023205 0.110406
3 0.413041 0.550689 0.028172 0.116947
3 0.159670 0.537227 0.023781 0.119011
3 0.340377 0.552252 0.022190 0.132680
3 0.358108 0.530269 0.021557 0.127229
1 0.563052 0.594959 0.028492 0.171217
3 0.160003 0.559055 0.025660 0.161777
