1 0.345232 0.611734 0.034429 0.193139
2 0.108043 0.455912 0.048309 0.190653
1 0.830216 0.669343 0.035534 0.213206
3 0.328556 0.568330 0.019679 0.121354
1 0.433953 0.572545 0.023561 0.147933
1 0.602017 0.661954 0.046282 0.256321
3 0.313555 0.560012 0.021845 0.137660
3 0.191398 0.545901 0.025748 0.128485
1 0.405582 0.582411 0.023434 0.142546
1 0.389344 0.573619 0.026699 0.154321
3 0.341606 0.523702 0.018847 0.085261
3 0.127845 0.559253 0.027176 0.132236
3 0.336308 0.541488 0.019484 0.097994
3 0.322758 0.565787 0.020999 0.135882
