3 0.309612 0.540434 0.026331 0.115829
1 0.532825 0.619508 0.032475 0.190553
1 0.490790 0.613175 0.034524 0.167910
2 0.110196 0.460843 0.053975 0.187233
1 0.785873 0.628554 0.037944 0.207889
1 0.359182 0.605375 0.044314 0.192546
1 0.412397 0.611618 0.041250 0.174621
1 0.329846 0.593447 0.028349 0.175955
3 0.253743 0.549681 0.018975 0.105157
3 0.270307 0.575203 0.025340 0.144994
3 0.383028 0.563422 0.026270 0.130315
1 0.420600 0.613538 0.057344 0.168958
3 0.148937 0.551321 0.028170 0.129524
3 0.404225 0.539597 0.023623 0.095541
