1 0.486015 0.617561 0.030576 0.172586
1 0.615672 0.654356 0.040544 0.221569
1 0.457378 0.577735 0.026966 0.132563
3 0.431217 0.553739 0.025422 0.125490
3 0.270942 0.564058 0.021845 0.140473
3 0.232123 0.545903 0.024001 0.124518
3 0.140514 0.550622 0.026047 0.114199
2 0.111353 0.459992 0.052370 0.182457
1 0.388126 0.570360 0.026398 0.145408
1 0.345572 0.587327 0.029807 0.168680
1 0.375630 0.652518 0.039810 0.243040
3 0.308232 0.545469 0.024828 0.114620
3 0.256175 0.571698 0.022982 0.142340
3 0.261324 0.568727 0.032646 0.146686
1 0.382790 0.580109 0.029275 0.171880
