1 0.284323 0.613006 0.039695 0.199819
1 0.608142 0.588796 0.027774 0.178264
1 0.524173 0.633127 0.034009 0.179552
2 0.108059 0.456926 0.049106 0.195535
1 0.563704 0.600098 0.032840 0.172286
1 0.421137 0.631671 0.041516 0.201126
3 0.186076 0.580595 0.026966 0.141001
3 0.270506 0.542876 0.022462 0.110686
3 0.316015 0.572278 0.024644 0.146906
1 0.403668 0.575206 0.025200 0.147989
3 0.431554 0.543428 0.027113 0.114116
1 0.404882 0.606040 0.026914 0.220933
1 0.410868 0.617477 0.037585 0.221174
3 0.367872 0.539553 0.023349 0.114954
3 0.135752 0.522670 0.022731 0.108294
