1 0.470351 0.571027 0.022733 0.126568
1 0.404487 0.575925 0.027439 0.157193
1 0.596717 0.602918 0.031425 0.184951
2 0.102497 0.456862 0.044691 0.189391
1 0.346283 0.621061 0.036324 0.170515
3 0.287773 0.568003 0.025805 0.142829
1 0.528613 0.638285 0.058423 0.221663
3 0.267582 0.554302 0.020700 0.128763
3 0.310498 0.565646 0.023217 0.132785
3 0.252202 0.565624 0.022142 0.133104
3 0.347498 0.534618 0.020531 0.097334
1 0.334892 0.613114 0.028278 0.182950
1 0.330314 0.600290 0.022976 0.180829
3 0.353270 0.560420 0.024988 0.130944
