1 0.437460 0.633730 0.037961 0.183904
1 0.331205 0.621158 0.032040 0.197899
1 0.407214 0.572120 0.023783 0.140854
1 0.555659 0.596828 0.028243 0.173430
2 0.108823 0.456091 0.047869 0.190453
3 0.152711 0.572555 0.028181 0.130525
1 0.532603 0.575872 0.027408 0.173107
3 0.346581 0.537635 0.022525 0.101890
1 0.301061 0.594870 0.033678 0.179548
3 0.289566 0.541724 0.018790 0.098043
3 0.176790 0.541678 0.025670 0.114133
3 0.349538 0.530372 0.019374 0.097748
3 0.365958 0.521584 0.018949 0.100637
3 0.416832 0.536557 0.020721 0.105758
