1 0.384558 0.591405 0.030363 0.179506
2 0.109274 0.456001 0.047350 0.192770
3 0.289833 0.566930 0.019639 0.136524
1 0.559917 0.653791 0.034387 0.246428
3 0.412947 0.560129 0.023624 0.109215
3 0.346014 0.542756 0.027787 0.114433
1 0.661276 0.628268 0.045036 0.200189
1 0.318762 0.615178 0.036217 0.162071
3 0.307773 0.550713 0.022254 0.114128
1 0.465456 0.574625 0.030005 0.142834
3 0.221086 0.575111 0.030894 0.151020
3 0.358266 0.537088 0.018770 0.116924
0 0.319416 0.347371 0.019932 0.029522
1 0.276328 0.594127 0.026379 0.185210
