2 0.108122 0.457193 0.050510 0.194325
1 0.417775 0.625920 0.031711 0.165278
1 0.494987 0.577699 0.028020 0.149807
1 0.616316 0.604489 0.032579 0.185631
1 0.546294 0.617373 0.037242 0.191562
3 0.243965 0.558288 0.025641 0.138243
3 0.350494 0.571360 0.026939 0.141312
3 0.265059 0.564610 0.020152 0.118858
1 0.537150 0.616861 0.031752 0.190951
3 0.388010 0.557717 0.019670 0.110076
1 0.439232 0.579374 0.023049 0.148760
3 0.261811 0.561306 0.020667 0.128034
3 0.297797 0.555966 0.023190 0.123212
3 0.280160 0.555130 0.019671 0.129380
3 0.384755 0.553608 0.022702 0.115704
1 0.531825 0.607274 0.022714 0.171975
