2 0.107772 0.458201 0.054038 0.191997
1 0.677864 0.583136 0.022602 0.133650
1 0.759417 0.591502 0.028707 0.153195
1 0.705965 0.584527 0.019707 0.135959
1 0.730243 0.589051 0.021680 0.145955
3 0.459145 0.540784 0.020191 0.100224
3 0.432593 0.537642 0.023911 0.105495
1 0.722005 0.590496 0.021797 0.151350
1 0.657004 0.571781 0.025269 0.152129
1 0.698665 0.580748 0.017711 0.129018
3 0.404096 0.537880 0.019514 0.098726
1 0.741606 0.583992 0.015836 0.141063
1 0.734833 0.584565 0.018327 0.149631
1 0.713990 0.586518 0.020885 0.145462
