1 0.569205 0.598709 0.026885 0.179272
2 0.109116 0.456242 0.047729 0.191094
1 0.538746 0.622010 0.045782 0.199060
1 0.358813 0.615405 0.031826 0.162643
3 0.321480 0.543125 0.024185 0.110527
1 0.462440 0.590827 0.027812 0.153204
3 0.400615 0.551284 0.025416 0.120387
3 0.222416 0.567142 0.033859 0.152406
3 0.152413 0.564232 0.026383 0.127712
3 0.236858 0.551262 0.022793 0.129326
3 0.232054 0.565077 0.027689 0.152793
1 0.551684 0.615678 0.027350 0.200703
1 0.338665 0.576034 0.027711 0.166331
1 0.557206 0.608579 0.017722 0.173572
