1 0.319373 0.597639 0.042370 0.194383
2 0.108694 0.458492 0.049332 0.196531
1 0.552982 0.647896 0.034764 0.236168
1 0.577977 0.612936 0.024275 0.185216
1 0.396237 0.612308 0.032317 0.203185
3 0.352672 0.571967 0.022151 0.128412
1 0.514764 0.599787 0.029132 0.153709
1 0.404865 0.606701 0.029283 0.189920
3 0.338908 0.554238 0.020437 0.129093
3 0.369947 0.545826 0.022502 0.117317
3 0.343951 0.560399 0.022623 0.138472
3 0.243044 0.563023 0.028932 0.147767
1 0.573945 0.616863 0.024578 0.179492
3 0.236453 0.555897 0.021047 0.135074
