1 0.284701 0.612903 0.040409 0.199252
1 0.421368 0.631089 0.044303 0.201632
2 0.105725 0.456045 0.042381 0.196265
1 0.582704 0.602098 0.028479 0.182404
1 0.609774 0.589365 0.028401 0.179781
1 0.532368 0.631390 0.032432 0.183121
3 0.270914 0.541961 0.022226 0.108236
3 0.195659 0.585006 0.029530 0.139635
1 0.403031 0.572034 0.023637 0.141915
3 0.428898 0.543359 0.025067 0.113196
3 0.368460 0.540139 0.022122 0.114348
3 0.139460 0.522466 0.025328 0.107585
1 0.409178 0.616253 0.034494 0.219266
3 0.311475 0.571993 0.027098 0.148044
