1 0.634301 0.641645 0.040782 0.214162
2 0.106873 0.456109 0.044397 0.191098
1 0.535053 0.606959 0.029093 0.165048
0 0.920227 0.652547 0.021264 0.036629
1 0.406296 0.653342 0.050817 0.195450
1 0.956410 0.710480 0.045462 0.289759
1 0.400579 0.548712 0.025504 0.103579
3 0.170450 0.565621 0.026909 0.144518
3 0.195995 0.569327 0.029318 0.141028
1 0.359691 0.579084 0.030050 0.159119
3 0.311155 0.566043 0.036290 0.113420
3 0.349947 0.539095 0.018758 0.092782
3 0.286320 0.539721 0.027935 0.108964
1 0.398880 0.563433 0.028340 0.134200
1 0.365196 0.574364 0.020860 0.143982
