1 0.607983 0.588804 0.027602 0.179653
1 0.416653 0.630647 0.037910 0.200471
1 0.262715 0.610110 0.046739 0.204721
1 0.494604 0.631731 0.033126 0.183328
1 0.568759 0.597985 0.029797 0.180193
3 0.179028 0.581508 0.029967 0.140113
2 0.108374 0.460334 0.049663 0.192651
3 0.315588 0.572270 0.024419 0.149557
3 0.419549 0.536481 0.027396 0.103260
3 0.364110 0.538970 0.021192 0.109690
3 0.139275 0.526175 0.027340 0.114982
1 0.404630 0.622033 0.029433 0.222824
1 0.398148 0.572764 0.026361 0.137417
3 0.342528 0.516403 0.018870 0.090315
3 0.271935 0.537866 0.024003 0.102096
