1 0.456324 0.634250 0.037501 0.186477
2 0.108674 0.455483 0.046932 0.193024
1 0.336028 0.576136 0.037611 0.162200
1 0.594185 0.591911 0.025497 0.142586
1 0.700394 0.640918 0.045706 0.199755
3 0.294462 0.561665 0.029685 0.142422
3 0.244077 0.551125 0.022994 0.106639
3 0.169259 0.559410 0.022182 0.139733
3 0.413136 0.552991 0.020814 0.119978
3 0.155118 0.557085 0.020550 0.135630
1 0.426893 0.573124 0.020043 0.144351
3 0.320071 0.537100 0.020550 0.112645
3 0.164379 0.558330 0.029130 0.143253
3 0.422164 0.569246 0.025697 0.148073
