1 0.358219 0.636837 0.034680 0.187272
2 0.107714 0.456775 0.045628 0.188860
1 0.643360 0.613440 0.033671 0.180821
1 0.396332 0.611027 0.029086 0.187524
1 0.485079 0.637679 0.038900 0.225042
3 0.152499 0.532055 0.024666 0.110947
3 0.239373 0.577762 0.026759 0.161207
3 0.261939 0.535536 0.024233 0.108690
3 0.386482 0.543375 0.026708 0.104740
3 0.219157 0.548667 0.022873 0.116787
1 0.506086 0.602695 0.022234 0.170477
1 0.491793 0.634494 0.032755 0.235320
1 0.523326 0.589355 0.019874 0.126431
1 0.496511 0.617701 0.026137 0.192779
