1 0.721293 0.600781 0.030199 0.175899
1 0.358676 0.575974 0.031594 0.163510
2 0.108982 0.455961 0.047676 0.192865
1 0.299449 0.599561 0.030490 0.190506
1 0.480386 0.590581 0.025917 0.141121
1 0.514442 0.601856 0.032529 0.167817
3 0.386507 0.557630 0.023573 0.137256
1 0.431617 0.576773 0.023555 0.140851
3 0.216494 0.556548 0.028577 0.126082
3 0.165796 0.547558 0.029184 0.119411
3 0.406906 0.545043 0.025227 0.119447
3 0.380946 0.552268 0.022802 0.138012
1 0.443108 0.573677 0.020101 0.136029
3 0.372390 0.551385 0.018580 0.132897
