2 0.109186 0.457046 0.051750 0.189091
1 0.399365 0.660339 0.039817 0.240422
1 0.446757 0.614226 0.033638 0.154953
3 0.330417 0.536829 0.022993 0.112898
1 0.429796 0.581500 0.026803 0.183449
3 0.293570 0.554592 0.022559 0.132077
1 0.354908 0.577645 0.032953 0.154532
1 0.965571 0.678730 0.068858 0.248358
3 0.155954 0.551064 0.021340 0.115372
3 0.313076 0.559101 0.021852 0.131115
3 0.143174 0.566751 0.024786 0.129981
3 0.315842 0.550189 0.021564 0.124668
1 0.424910 0.577150 0.032915 0.165805
1 0.434711 0.589541 0.031638 0.197472
