1 0.570226 0.637900 0.034935 0.217299
1 0.625986 0.606421 0.027965 0.179190
2 0.105474 0.454210 0.043947 0.192587
1 0.367182 0.632715 0.035052 0.181151
1 0.412062 0.570176 0.030738 0.152273
1 0.447135 0.576454 0.023270 0.135842
3 0.321443 0.532189 0.022017 0.105736
3 0.200219 0.554415 0.021065 0.115297
3 0.306392 0.564684 0.023772 0.139578
3 0.180423 0.546338 0.027383 0.122898
3 0.285332 0.556399 0.027556 0.134775
1 0.337803 0.583973 0.028483 0.161875
3 0.291823 0.561693 0.019978 0.134740
1 0.361024 0.633194 0.035862 0.183428
3 0.320309 0.560812 0.021464 0.146935
3 0.310815 0.560890 0.023922 0.145346
3 0.197156 0.549088 0.021449 0.118512
3 0.204982 0.551305 0.025135 0.114433
