2 0.110491 0.456796 0.049310 0.191806
1 0.537500 0.636042 0.038549 0.221045
1 0.429650 0.567043 0.022050 0.143122
1 0.413199 0.627165 0.036450 0.173641
0 0.564924 0.367878 0.019154 0.030906
1 0.454054 0.569539 0.023674 0.129986
1 0.381734 0.577637 0.029776 0.145763
3 0.178583 0.564238 0.036521 0.104309
1 0.806730 0.632811 0.038041 0.180620
3 0.285133 0.562548 0.027451 0.137510
3 0.322459 0.543293 0.031171 0.105821
3 0.222627 0.549386 0.025636 0.106431
3 0.347909 0.517309 0.018992 0.091319
3 0.233990 0.545920 0.023715 0.107778
1 0.427833 0.583348 0.022518 0.163173
