1 0.304644 0.614395 0.040660 0.204625
1 0.426129 0.645060 0.041597 0.196552
1 0.570328 0.599441 0.030026 0.187591
1 0.481395 0.623719 0.029898 0.199698
2 0.103186 0.455030 0.034632 0.183411
3 0.341306 0.538995 0.021415 0.101992
1 0.595207 0.588544 0.023691 0.145607
3 0.221053 0.543177 0.026213 0.119652
3 0.203351 0.582373 0.031137 0.157659
3 0.447270 0.557743 0.033599 0.136296
1 0.619517 0.591716 0.025398 0.142387
1 0.608367 0.589995 0.035492 0.146683
3 0.219568 0.559899 0.026345 0.169723
1 0.575875 0.601511 0.025241 0.183272
1 0.580249 0.596010 0.018445 0.170438
3 0.372750 0.568988 0.026272 0.145575
3 0.154356 0.529041 0.020666 0.096903
