1 0.392483 0.642717 0.040364 0.190410
1 0.552486 0.632834 0.029424 0.209745
2 0.115045 0.458308 0.055107 0.199262
3 0.214953 0.583235 0.026858 0.156534
1 0.261723 0.596917 0.041824 0.191751
1 0.812785 0.644609 0.040378 0.188878
3 0.230001 0.540920 0.024769 0.113136
1 0.612930 0.588336 0.026912 0.147005
3 0.339807 0.543258 0.022645 0.112107
1 0.590996 0.587262 0.025433 0.148554
3 0.426724 0.554658 0.022639 0.115086
3 0.397073 0.545905 0.025177 0.102133
3 0.224856 0.569249 0.023383 0.158968
1 0.585321 0.588059 0.031826 0.154958
