3 0.228095 0.555802 0.029031 0.133184
1 0.579837 0.607977 0.021683 0.186843
2 0.108505 0.456403 0.051739 0.184505
3 0.409955 0.559268 0.031440 0.133209
1 0.323808 0.606931 0.027671 0.180620
1 0.440578 0.619629 0.026506 0.169170
1 0.373810 0.576787 0.026775 0.141537
3 0.270111 0.562805 0.021393 0.126973
3 0.254933 0.571059 0.023460 0.144529
1 0.567044 0.599542 0.024422 0.185913
1 0.571177 0.603795 0.027102 0.188358
1 0.301280 0.607558 0.035404 0.190467
1 0.563214 0.590020 0.023799 0.179487
3 0.261129 0.568892 0.032802 0.140705
3 0.343700 0.506438 0.018972 0.071013
