1 0.629345 0.646951 0.037468 0.220056
2 0.109673 0.456552 0.049057 0.191656
1 0.450891 0.595685 0.031156 0.171300
1 0.384525 0.611275 0.028698 0.167965
3 0.347366 0.544474 0.023902 0.107900
3 0.319696 0.552905 0.023499 0.129151
1 0.399517 0.587827 0.024730 0.172773
3 0.181634 0.564614 0.022434 0.140652
3 0.159401 0.551141 0.018976 0.111531
3 0.307728 0.550399 0.019843 0.124981
3 0.315170 0.550490 0.032011 0.129203
3 0.161626 0.562674 0.020389 0.135002
3 0.166238 0.566252 0.020634 0.142002
3 0.184989 0.555878 0.018976 0.132742
3 0.172334 0.566966 0.028167 0.141180
3 0.187339 0.540241 0.019153 0.099414
