1 0.387742 0.625178 0.036267 0.205275
2 0.104625 0.455738 0.037153 0.190679
1 0.477585 0.633931 0.037378 0.223243
3 0.292538 0.536919 0.021210 0.111983
1 0.518072 0.602724 0.024675 0.160889
3 0.315007 0.571231 0.028515 0.147375
1 0.597240 0.610691 0.029199 0.183813
3 0.361238 0.569562 0.026597 0.139397
3 0.421507 0.550327 0.024917 0.111915
3 0.262603 0.549055 0.022434 0.106488
1 0.505267 0.606998 0.022833 0.168895
1 0.499225 0.625458 0.025941 0.204098
1 0.590259 0.605913 0.030414 0.177532
1 0.584099 0.586872 0.023367 0.146136
