1 0.642020 0.618889 0.031673 0.192120
2 0.109178 0.458144 0.048738 0.189861
1 0.405913 0.630338 0.037123 0.175865
1 0.352711 0.587229 0.031691 0.168758
3 0.273005 0.543839 0.022192 0.110689
1 0.602293 0.653913 0.039272 0.241376
3 0.314878 0.552758 0.026323 0.127826
3 0.170487 0.562324 0.030185 0.130674
1 0.443097 0.579411 0.022060 0.140665
3 0.372181 0.559081 0.024140 0.144190
1 0.612932 0.700027 0.059131 0.340353
3 0.461644 0.539853 0.019030 0.098030
1 0.401613 0.562224 0.030140 0.124466
1 0.399297 0.629211 0.033712 0.175938
3 0.355462 0.510253 0.017728 0.078529
