2 0.109376 0.459254 0.052405 0.187911
1 0.757691 0.585000 0.025036 0.150383
1 0.734377 0.586795 0.025411 0.148148
1 0.678390 0.578891 0.022860 0.141984
3 0.438646 0.532877 0.018250 0.107538
1 0.710866 0.583307 0.022084 0.141895
1 0.696922 0.581044 0.016574 0.141085
3 0.455141 0.537603 0.017829 0.101872
3 0.422220 0.535945 0.018468 0.100193
1 0.714421 0.578717 0.020639 0.153171
1 0.692484 0.579841 0.015872 0.139372
3 0.469239 0.540905 0.015889 0.090360
3 0.460523 0.540956 0.017370 0.099360
1 0.683080 0.578922 0.019960 0.142871
