1 0.420988 0.572767 0.031507 0.159101
1 0.544249 0.623352 0.035272 0.195182
2 0.109242 0.457727 0.051815 0.193317
1 0.353679 0.618814 0.030993 0.170993
3 0.333599 0.558068 0.036965 0.101038
3 0.175506 0.556355 0.038568 0.110482
1 0.643160 0.612267 0.031108 0.184194
3 0.273694 0.549628 0.031607 0.104591
3 0.392621 0.568799 0.030794 0.121211
1 0.615440 0.590372 0.025631 0.146173
3 0.224087 0.543530 0.029323 0.190472
1 0.631334 0.609070 0.024345 0.187336
1 0.637922 0.608682 0.033113 0.184162
3 0.247399 0.558385 0.025318 0.167934
1 0.611092 0.587345 0.024161 0.149011
