2 0.108117 0.457567 0.051707 0.190370
1 0.576890 0.604474 0.037938 0.186276
1 0.755597 0.702322 0.049091 0.296611
3 0.186330 0.548830 0.020999 0.116323
1 0.474956 0.632242 0.031489 0.169599
1 0.440353 0.574283 0.027464 0.138687
1 0.344451 0.583161 0.028695 0.151203
3 0.396947 0.543701 0.022366 0.111507
3 0.256954 0.567810 0.025694 0.124518
3 0.279264 0.543524 0.021595 0.115253
3 0.419384 0.544294 0.022506 0.116764
1 0.349427 0.579521 0.026901 0.153257
3 0.160965 0.561870 0.027007 0.139152
1 0.354403 0.576063 0.018996 0.150103
