2 0.105797 0.452901 0.040160 0.194647
1 0.420021 0.567990 0.032336 0.151412
1 0.379718 0.580558 0.025849 0.150106
1 0.820404 0.649905 0.035294 0.194042
3 0.342087 0.571943 0.025021 0.128887
3 0.206742 0.550706 0.023652 0.137369
3 0.353796 0.539267 0.017393 0.090181
3 0.267346 0.543170 0.025838 0.124498
1 0.487307 0.679469 0.045470 0.267611
3 0.229332 0.569841 0.029219 0.150771
1 0.508660 0.591345 0.022330 0.124291
1 0.370421 0.575192 0.023805 0.153359
3 0.225368 0.564068 0.025844 0.150777
1 0.508404 0.622479 0.023195 0.182319
3 0.348370 0.560884 0.020282 0.116226
3 0.489766 0.552638 0.021658 0.095518
