1 0.650439 0.609278 0.036246 0.200440
1 0.497917 0.638189 0.037184 0.213910
2 0.107296 0.458814 0.051560 0.190181
1 0.396206 0.615032 0.028645 0.155572
1 0.456181 0.568356 0.025330 0.142976
1 0.776113 0.628494 0.030476 0.181169
3 0.332982 0.537642 0.025081 0.107159
3 0.158845 0.542556 0.025122 0.119398
3 0.380776 0.555594 0.024629 0.124999
3 0.263968 0.546073 0.023868 0.116901
1 0.464458 0.564525 0.023900 0.141608
3 0.408359 0.559017 0.023681 0.123367
3 0.136892 0.558939 0.023121 0.124648
1 0.468971 0.559144 0.020281 0.141028
3 0.488666 0.549114 0.020661 0.093782
1 0.503046 0.627307 0.029021 0.197333
1 0.770622 0.625817 0.031343 0.184933
