1 0.531778 0.618192 0.031336 0.190568
1 0.619719 0.613300 0.035667 0.200240
1 0.292482 0.628581 0.044391 0.183147
1 0.385212 0.579169 0.030052 0.156627
2 0.101940 0.453154 0.047374 0.182373
1 0.439335 0.569329 0.031869 0.154037
3 0.328870 0.539552 0.023652 0.095369
1 0.554243 0.594265 0.020154 0.136525
3 0.303542 0.535945 0.019691 0.106989
3 0.239936 0.543766 0.027876 0.117639
3 0.363018 0.544828 0.018332 0.112905
1 0.546267 0.616827 0.019670 0.184370
3 0.118204 0.562735 0.026856 0.115438
3 0.284232 0.549715 0.025812 0.110156
