1 0.515956 0.633657 0.039313 0.183980
2 0.108098 0.457371 0.049440 0.195097
1 0.417605 0.632441 0.042324 0.199971
1 0.316009 0.599817 0.034352 0.187570
3 0.130716 0.573446 0.022550 0.131337
1 0.545526 0.601802 0.025753 0.171968
3 0.354397 0.532790 0.019304 0.099963
3 0.419086 0.538668 0.028183 0.103335
1 0.587695 0.589367 0.029766 0.166559
1 0.385999 0.575698 0.024501 0.135730
3 0.284988 0.546086 0.021340 0.116586
3 0.340411 0.568746 0.023544 0.146561
3 0.237929 0.534499 0.028895 0.105217
1 0.340645 0.569602 0.022425 0.145268
