1 0.490404 0.616868 0.036941 0.193140
1 0.624551 0.606152 0.031349 0.187440
1 0.355934 0.619397 0.037065 0.166693
2 0.109322 0.456960 0.047487 0.191450
1 0.417581 0.561136 0.038815 0.148248
1 0.544110 0.579732 0.028581 0.138909
3 0.285966 0.572517 0.042975 0.129573
3 0.250117 0.545730 0.027644 0.119663
3 0.162426 0.570101 0.031803 0.127383
3 0.392114 0.570169 0.030457 0.135377
3 0.444956 0.556092 0.026254 0.111037
1 0.338416 0.554538 0.022561 0.111597
3 0.338459 0.552983 0.020120 0.102364
1 0.415901 0.554274 0.023554 0.133213
1 0.338682 0.587274 0.024127 0.182139
