1 0.330283 0.621974 0.036794 0.208198
1 0.405953 0.619856 0.035253 0.167489
1 0.529042 0.623233 0.034688 0.218458
1 0.642796 0.613119 0.032673 0.177506
1 0.487432 0.603410 0.031571 0.167002
2 0.107826 0.457257 0.047243 0.194047
3 0.138638 0.525993 0.026554 0.118776
3 0.360479 0.543042 0.020917 0.114527
3 0.275328 0.529246 0.028091 0.105090
3 0.237220 0.581085 0.032402 0.165509
3 0.414958 0.548880 0.026925 0.112202
1 0.554101 0.578510 0.026896 0.157622
3 0.248184 0.558091 0.021584 0.118046
3 0.251089 0.549270 0.023342 0.097197
