0 0.614434 0.337346 0.022618 0.040388
1 0.456808 0.577421 0.038227 0.158338
1 0.338033 0.634359 0.041019 0.183344
2 0.111261 0.456237 0.049639 0.192689
1 0.589857 0.654723 0.045660 0.227965
1 0.358852 0.573279 0.030278 0.151686
1 0.562877 0.602552 0.028096 0.160920
3 0.306135 0.565340 0.022402 0.109929
1 0.961519 0.684913 0.076961 0.268271
3 0.284061 0.551539 0.026622 0.115919
3 0.177807 0.570218 0.033227 0.138934
3 0.290291 0.551268 0.020012 0.115103
3 0.190589 0.568903 0.024218 0.136734
3 0.300482 0.563403 0.028849 0.118730
3 0.183663 0.567225 0.033166 0.140157
3 0.294503 0.553993 0.022371 0.114364
