1 0.520551 0.605656 0.027431 0.159882
1 0.615008 0.612758 0.034374 0.179369
2 0.103824 0.454866 0.039186 0.192931
1 0.479636 0.622877 0.034969 0.208822
3 0.257194 0.550188 0.026164 0.117720
3 0.293378 0.537092 0.023933 0.109443
3 0.420788 0.548268 0.022425 0.111927
3 0.364557 0.570033 0.027466 0.135307
1 0.588556 0.584003 0.031550 0.170747
3 0.317058 0.571235 0.026153 0.150051
1 0.398181 0.628009 0.050417 0.184303
3 0.142627 0.529264 0.022962 0.117375
1 0.495084 0.611903 0.023560 0.181628
1 0.592395 0.597741 0.028852 0.190809
1 0.472958 0.616607 0.038747 0.201216
