0 0.883577 0.759417 0.030263 0.055048
1 0.631426 0.615356 0.035551 0.194595
1 0.310300 0.633707 0.033674 0.183925
2 0.110076 0.452815 0.050134 0.185481
1 0.367054 0.579226 0.025017 0.147825
1 0.403483 0.569316 0.024792 0.149684
3 0.178405 0.543196 0.028528 0.126539
1 0.541813 0.583135 0.024107 0.137122
3 0.280326 0.550852 0.021311 0.126972
3 0.351957 0.537168 0.019723 0.106641
3 0.297288 0.573374 0.030189 0.159501
3 0.283277 0.561385 0.019534 0.149225
1 0.362312 0.576244 0.029224 0.159674
3 0.287193 0.566560 0.025513 0.160391
