1 0.332078 0.591022 0.038299 0.176168
1 0.536357 0.625629 0.033637 0.177445
2 0.109019 0.457803 0.053520 0.189999
3 0.151761 0.570284 0.031871 0.128069
1 0.452484 0.641401 0.050384 0.212525
3 0.358012 0.560037 0.021058 0.148246
1 0.598110 0.590433 0.027001 0.169005
3 0.280108 0.548092 0.026340 0.119422
3 0.392693 0.552292 0.026279 0.125760
3 0.194485 0.534620 0.031308 0.116965
3 0.346668 0.540203 0.020880 0.118513
1 0.573747 0.598411 0.031013 0.175996
1 0.373194 0.571018 0.025078 0.149614
3 0.370740 0.571547 0.026340 0.146395
1 0.591616 0.594703 0.031727 0.169458
1 0.582655 0.595103 0.023652 0.172877
