1 0.528377 0.592798 0.029329 0.174553
1 0.385307 0.576415 0.031041 0.158810
1 0.339533 0.601543 0.029978 0.155484
1 0.427376 0.587029 0.024580 0.157519
1 0.467579 0.577760 0.037973 0.150599
3 0.232430 0.546571 0.029000 0.123173
2 0.112180 0.456090 0.043870 0.188220
1 0.547751 0.586643 0.019118 0.148109
3 0.153470 0.560884 0.027517 0.112278
3 0.198928 0.571826 0.029179 0.144727
3 0.407064 0.561545 0.021528 0.129551
3 0.410130 0.557870 0.017953 0.123503
3 0.204779 0.565885 0.026348 0.147065
3 0.493720 0.546604 0.022208 0.093902
