2 0.108863 0.458023 0.046990 0.187298
1 0.336800 0.576453 0.036498 0.162573
1 0.526030 0.598300 0.036018 0.152024
1 0.658417 0.629723 0.044556 0.202347
3 0.153222 0.552096 0.024234 0.130949
1 0.441340 0.637417 0.027730 0.193084
3 0.302456 0.573391 0.026647 0.141962
3 0.249259 0.553222 0.025486 0.109878
1 0.835310 0.683450 0.075395 0.265301
1 0.426616 0.568659 0.026146 0.146573
3 0.317281 0.536565 0.020440 0.114673
3 0.176010 0.558342 0.025699 0.141590
3 0.422330 0.562856 0.023497 0.133660
3 0.311767 0.549837 0.016769 0.123697
3 0.312684 0.554193 0.022997 0.125171
