0 0.680079 0.215390 0.025358 0.055637
1 0.562262 0.608220 0.034004 0.192430
1 0.413928 0.568226 0.024599 0.149407
2 0.108430 0.444660 0.042782 0.176317
1 0.350886 0.639306 0.032182 0.168369
1 0.601997 0.590358 0.023923 0.152332
3 0.388657 0.553078 0.025106 0.124228
3 0.283845 0.572368 0.031826 0.159969
3 0.186784 0.546524 0.034504 0.123809
3 0.312289 0.548736 0.021180 0.100029
1 0.344765 0.559681 0.023616 0.113754
1 0.351030 0.571389 0.026342 0.147545
1 0.346247 0.585729 0.027545 0.177399
1 0.706611 0.807549 0.090691 0.366277
1 0.348781 0.552675 0.028233 0.120679
