1 0.346192 0.642570 0.043982 0.182990
1 0.577610 0.621180 0.046552 0.194303
1 0.413116 0.572641 0.044038 0.148976
2 0.111713 0.458243 0.047233 0.189430
1 0.640655 0.611480 0.033782 0.173212
3 0.281335 0.556692 0.027973 0.131728
3 0.312836 0.545561 0.028926 0.117083
1 0.515211 0.584659 0.025982 0.138428
1 0.265429 0.596855 0.024746 0.136629
3 0.226680 0.554610 0.027693 0.112042
3 0.197518 0.531938 0.037633 0.147305
3 0.247652 0.572924 0.024876 0.153014
3 0.232939 0.552651 0.023319 0.117059
3 0.220382 0.556260 0.038331 0.110283
