2 0.109869 0.455836 0.047979 0.192505
1 0.486810 0.631898 0.030811 0.180192
1 0.606734 0.590012 0.025252 0.177924
1 0.257362 0.612478 0.039570 0.204697
3 0.312221 0.573094 0.036044 0.153751
3 0.176719 0.580435 0.034717 0.130806
3 0.413858 0.550361 0.026397 0.127927
1 0.577866 0.602751 0.028342 0.176299
3 0.284447 0.545458 0.021830 0.109435
3 0.150536 0.533639 0.028872 0.108746
1 0.381751 0.615483 0.041928 0.223417
1 0.381655 0.574931 0.030539 0.145578
1 0.385018 0.655520 0.047508 0.147679
3 0.361244 0.542271 0.021087 0.114120
1 0.384993 0.602483 0.032211 0.199046
3 0.342293 0.510112 0.017774 0.076532
