1 0.266964 0.605873 0.045632 0.202515
2 0.109077 0.457096 0.048579 0.193335
1 0.355679 0.583935 0.025966 0.140657
1 0.487406 0.621909 0.044777 0.156313
3 0.327356 0.567106 0.026043 0.133253
1 0.600404 0.606066 0.031678 0.179028
1 0.404160 0.626543 0.047087 0.201242
1 0.577744 0.605677 0.024058 0.173330
3 0.231474 0.577370 0.030505 0.153848
3 0.154054 0.540696 0.026458 0.120304
3 0.432341 0.559917 0.026785 0.132827
3 0.342341 0.539815 0.019468 0.096877
3 0.333002 0.561469 0.024904 0.128226
3 0.276733 0.531857 0.025409 0.103607
3 0.335751 0.564688 0.017646 0.141123
