1 0.283137 0.608608 0.038700 0.194290
1 0.349875 0.613620 0.037553 0.211087
2 0.108824 0.457677 0.048079 0.193703
1 0.496404 0.626529 0.034755 0.203218
1 0.639594 0.594788 0.029246 0.167316
3 0.191106 0.570859 0.033516 0.139487
3 0.324669 0.567604 0.024437 0.137055
3 0.341104 0.528885 0.021221 0.099496
3 0.293813 0.532933 0.026181 0.100196
3 0.409922 0.563638 0.024210 0.120595
3 0.153044 0.544700 0.025945 0.120361
1 0.358843 0.573813 0.029598 0.142502
3 0.339068 0.551073 0.022450 0.129900
1 0.355715 0.603463 0.030708 0.202756
