1 0.451559 0.630567 0.036970 0.173828
1 0.558442 0.623099 0.032259 0.194868
2 0.109575 0.457811 0.054058 0.192732
1 0.615659 0.601003 0.034365 0.181474
1 0.517783 0.607168 0.024983 0.156906
3 0.295274 0.558011 0.022500 0.122722
1 0.484229 0.587889 0.028898 0.157160
3 0.255267 0.554545 0.021714 0.133882
3 0.316194 0.566066 0.022926 0.130737
3 0.359784 0.562676 0.026967 0.121175
1 0.512046 0.592556 0.025174 0.170446
3 0.280796 0.555219 0.018833 0.115821
3 0.244349 0.553700 0.024696 0.133925
3 0.284212 0.555943 0.019233 0.117387
3 0.288727 0.555478 0.025463 0.121554
3 0.300348 0.561673 0.017832 0.127777
3 0.303943 0.565124 0.014199 0.132813
