1 0.384747 0.611024 0.033086 0.164360
1 0.503496 0.586162 0.028768 0.163581
1 0.569182 0.633270 0.046222 0.208552
2 0.110187 0.456659 0.049528 0.192400
1 0.858369 0.659624 0.035684 0.234292
1 0.412348 0.589660 0.027118 0.174818
3 0.285397 0.550870 0.022715 0.122582
3 0.304817 0.554151 0.021278 0.128480
1 0.442785 0.596069 0.022226 0.152257
3 0.254321 0.572190 0.037851 0.147818
3 0.212733 0.558685 0.026680 0.137229
3 0.351312 0.553851 0.020897 0.108945
3 0.289123 0.553107 0.018760 0.126448
1 0.851959 0.655416 0.037586 0.231870
1 0.844709 0.658167 0.029864 0.232387
