1 0.265033 0.609836 0.030427 0.196553
1 0.557368 0.600031 0.032924 0.185427
1 0.441819 0.647781 0.035567 0.191384
1 0.526115 0.619826 0.032773 0.191504
3 0.210916 0.535803 0.028311 0.117353
3 0.421499 0.561756 0.025432 0.127007
1 0.619049 0.593157 0.025019 0.153291
3 0.243034 0.575477 0.025172 0.159757
2 0.102387 0.455280 0.034058 0.186950
1 0.630019 0.592104 0.023201 0.149054
3 0.325968 0.538413 0.021221 0.102622
3 0.063924 0.537527 0.031091 0.102167
3 0.387726 0.567192 0.027846 0.136425
1 0.608150 0.593821 0.030754 0.157181
1 0.614819 0.591836 0.022036 0.158448
1 0.385137 0.566522 0.032250 0.137914
