1 0.215279 0.612783 0.041261 0.184454
3 0.331307 0.547984 0.025451 0.109737
1 0.317252 0.616186 0.034759 0.169107
2 0.109016 0.456763 0.047744 0.191234
1 0.450047 0.642386 0.038291 0.222270
0 0.455881 0.327775 0.020229 0.029058
1 0.390380 0.553796 0.030863 0.154667
3 0.416859 0.557016 0.026867 0.105272
1 0.513866 0.604550 0.034363 0.159287
3 0.245597 0.567082 0.033745 0.150208
1 0.482623 0.571825 0.026227 0.130024
3 0.322717 0.546958 0.027778 0.103128
3 0.310659 0.567684 0.022319 0.113872
3 0.360353 0.518984 0.020594 0.100393
3 0.299627 0.579675 0.033714 0.124608
