1 0.342028 0.621799 0.040969 0.172363
2 0.108478 0.457834 0.049898 0.192561
1 0.469147 0.571008 0.024845 0.129802
1 0.615806 0.606340 0.037919 0.183335
1 0.303057 0.587353 0.027490 0.158097
3 0.211058 0.562907 0.031011 0.133456
1 0.403329 0.573340 0.028828 0.148060
3 0.327517 0.561138 0.024891 0.138012
3 0.277323 0.575712 0.024471 0.147998
3 0.346405 0.533340 0.020998 0.097074
1 0.529146 0.637627 0.059514 0.219586
3 0.259576 0.544450 0.023281 0.117592
3 0.273136 0.566040 0.023431 0.150646
3 0.338685 0.546187 0.017562 0.118433
3 0.263053 0.552838 0.023873 0.133851
1 0.408842 0.572444 0.028258 0.143148
