2 0.108970 0.459155 0.052763 0.188385
1 0.681089 0.582475 0.021372 0.133358
1 0.757325 0.584797 0.024934 0.150987
1 0.710481 0.585399 0.025030 0.141331
1 0.734532 0.586411 0.024441 0.149897
3 0.438186 0.532761 0.018008 0.108074
1 0.697718 0.582904 0.017368 0.131486
3 0.455135 0.537392 0.018205 0.102088
1 0.663680 0.560098 0.022874 0.129040
1 0.714158 0.580351 0.022238 0.147367
1 0.667631 0.571595 0.019305 0.141494
3 0.471226 0.541017 0.018220 0.089663
1 0.676553 0.575341 0.019714 0.145028
3 0.422390 0.535628 0.018192 0.100566
1 0.694843 0.582418 0.016039 0.133320
3 0.458972 0.540633 0.017957 0.099673
