2 0.109593 0.454884 0.046909 0.192825
1 0.575266 0.606115 0.027983 0.191971
1 0.404968 0.619573 0.040929 0.192187
1 0.518867 0.626695 0.028535 0.171248
3 0.196174 0.585134 0.028195 0.138636
1 0.333041 0.603471 0.030103 0.167452
3 0.181758 0.534751 0.030005 0.118307
3 0.415119 0.561579 0.029451 0.137780
3 0.308022 0.574694 0.031471 0.140074
3 0.292211 0.554283 0.028683 0.102574
1 0.597866 0.593019 0.033918 0.163553
1 0.348928 0.595453 0.020681 0.148965
3 0.311995 0.570198 0.022339 0.135123
1 0.352542 0.581925 0.020204 0.123021
0 0.401173 0.376424 0.018369 0.039049
3 0.190349 0.553445 0.033578 0.163749
3 0.364630 0.547898 0.022471 0.139774
3 0.185310 0.545111 0.026208 0.138049
