1 0.408612 0.633472 0.032801 0.176020
2 0.109408 0.457964 0.049205 0.192061
1 0.414448 0.561228 0.029128 0.136406
3 0.329377 0.541302 0.023505 0.109568
1 0.445724 0.572684 0.026832 0.131808
1 0.573886 0.644322 0.041200 0.224328
3 0.165607 0.556062 0.042839 0.110576
1 0.363590 0.578456 0.030349 0.152793
1 0.417330 0.587080 0.024641 0.118333
3 0.276199 0.561298 0.025068 0.129930
0 0.813409 0.386480 0.021785 0.042131
3 0.271249 0.560667 0.027916 0.130356
3 0.262739 0.558563 0.030220 0.130746
1 0.407948 0.587370 0.028106 0.094519
3 0.253520 0.553603 0.027564 0.118114
