1 0.592532 0.649393 0.032374 0.214569
1 0.333201 0.622931 0.035766 0.174713
3 0.323304 0.561003 0.029911 0.121130
2 0.108602 0.457555 0.050472 0.191984
3 0.274051 0.549154 0.037669 0.107432
1 0.364277 0.578591 0.025168 0.151450
1 0.405124 0.571745 0.027790 0.152625
3 0.197133 0.575844 0.052133 0.144763
3 0.167598 0.563082 0.023136 0.138005
3 0.159029 0.556713 0.023735 0.127513
1 0.944578 0.676548 0.084880 0.258205
3 0.162822 0.560687 0.026897 0.135272
1 0.573842 0.585630 0.029031 0.141945
1 0.576956 0.596968 0.026909 0.158426
