1 0.543454 0.617707 0.037667 0.193911
2 0.109649 0.456980 0.047592 0.191181
3 0.382822 0.545040 0.020975 0.113883
1 0.644849 0.618232 0.035472 0.196788
1 0.355995 0.575580 0.035447 0.165028
1 0.309816 0.620058 0.034840 0.178891
3 0.285061 0.577726 0.034065 0.149217
3 0.169846 0.551162 0.030253 0.136720
3 0.280158 0.567075 0.031375 0.166327
3 0.275958 0.545143 0.023842 0.122689
1 0.407068 0.573058 0.026976 0.136985
3 0.275183 0.555217 0.027277 0.154135
3 0.291186 0.577950 0.024119 0.138625
1 0.420023 0.570725 0.022136 0.138729
1 0.413558 0.571658 0.026481 0.139411
