2 0.108131 0.458543 0.052631 0.192611
1 0.670766 0.600477 0.029070 0.177972
1 0.619363 0.581357 0.024721 0.133952
3 0.426837 0.547780 0.019307 0.104018
1 0.820799 0.609338 0.032368 0.175921
1 0.698201 0.587953 0.026189 0.150185
3 0.340680 0.540095 0.019347 0.104066
3 0.333763 0.538616 0.016981 0.106484
1 0.648796 0.578031 0.023950 0.153561
3 0.394336 0.538327 0.021108 0.109554
1 0.727218 0.585927 0.025725 0.132512
1 0.763976 0.588708 0.027655 0.144249
3 0.341487 0.541147 0.027558 0.107846
3 0.383853 0.542471 0.017968 0.102605
