1 0.303659 0.637256 0.044168 0.226330
1 0.529948 0.622990 0.044411 0.172773
2 0.109286 0.455724 0.047065 0.192489
1 0.226591 0.586560 0.050193 0.176470
3 0.283505 0.554948 0.023782 0.113311
1 0.398689 0.631732 0.039011 0.202547
3 0.360324 0.541938 0.023269 0.124204
1 0.582085 0.581471 0.043160 0.157098
1 0.340864 0.580680 0.029654 0.150960
3 0.267868 0.579692 0.029166 0.146049
3 0.168584 0.552049 0.029384 0.115329
3 0.189371 0.595750 0.035840 0.073707
3 0.368669 0.556926 0.029757 0.145743
3 0.184482 0.592414 0.027402 0.066733
3 0.373924 0.568846 0.023536 0.124590
3 0.364416 0.546547 0.028741 0.143395
