1 0.334450 0.640373 0.035383 0.196510
1 0.590369 0.597675 0.031769 0.178323
2 0.108506 0.456893 0.049778 0.192783
1 0.354360 0.583448 0.027600 0.152093
1 0.421079 0.571435 0.027021 0.145363
3 0.252276 0.564961 0.029514 0.145206
1 0.483050 0.631051 0.032364 0.205191
3 0.320493 0.577681 0.024848 0.138223
3 0.293387 0.577407 0.035542 0.140382
1 0.466483 0.625288 0.029036 0.196451
3 0.168541 0.556917 0.030119 0.114346
1 0.490860 0.615487 0.026364 0.165146
3 0.268874 0.553061 0.026056 0.148967
1 0.343354 0.618308 0.030565 0.201560
1 0.493475 0.597116 0.024098 0.123943
