1 0.627740 0.611914 0.029367 0.188591
2 0.110077 0.457157 0.049723 0.191010
1 0.354918 0.612758 0.033459 0.168092
1 0.457835 0.608083 0.026748 0.171659
3 0.283482 0.545564 0.023690 0.118013
1 0.423139 0.591854 0.028848 0.158708
3 0.407094 0.555892 0.022045 0.107145
3 0.261341 0.574061 0.036113 0.149268
3 0.189219 0.567185 0.033209 0.140622
1 0.465902 0.611394 0.028831 0.173788
3 0.313291 0.560427 0.023285 0.128774
1 0.333391 0.587415 0.026997 0.156552
1 0.471579 0.583547 0.018215 0.116149
1 0.340147 0.600827 0.022949 0.174175
1 0.457182 0.574539 0.025479 0.161598
3 0.309398 0.561046 0.026826 0.121664
3 0.264015 0.575178 0.024818 0.146696
