1 0.426643 0.624756 0.037879 0.175433
1 0.494843 0.606396 0.025963 0.165975
1 0.618163 0.600712 0.027459 0.177212
1 0.555391 0.623104 0.029648 0.193069
2 0.109178 0.457707 0.053743 0.192526
3 0.330379 0.571061 0.022513 0.126511
3 0.260535 0.544754 0.019428 0.120874
3 0.356880 0.549127 0.027009 0.127000
1 0.576443 0.591903 0.023601 0.164686
3 0.184079 0.547948 0.023098 0.130867
3 0.312422 0.549961 0.022633 0.109864
1 0.480061 0.586197 0.021132 0.149126
3 0.244583 0.557045 0.021378 0.135834
1 0.569846 0.599666 0.022976 0.171091
3 0.316255 0.565326 0.018393 0.130521
