1 0.640694 0.633603 0.030763 0.201455
1 0.393544 0.616246 0.035064 0.172163
1 0.837511 0.648448 0.043179 0.226344
2 0.108112 0.455738 0.045542 0.192733
1 0.474501 0.593902 0.025363 0.140167
3 0.204167 0.550058 0.023772 0.119619
3 0.177764 0.558307 0.026006 0.138382
1 0.333508 0.593801 0.023985 0.174673
3 0.434486 0.546661 0.026532 0.109039
1 0.489343 0.567438 0.023232 0.158812
3 0.317231 0.541120 0.021921 0.114853
1 0.337094 0.586391 0.022673 0.152350
1 0.633212 0.632715 0.037486 0.203605
1 0.339028 0.561976 0.021256 0.116430
