2 0.108611 0.459896 0.051569 0.186903
1 0.684175 0.583339 0.021401 0.140215
1 0.758657 0.588362 0.026123 0.146867
1 0.689634 0.583954 0.020454 0.142075
1 0.704721 0.584542 0.019482 0.143897
1 0.734138 0.585155 0.023820 0.143115
3 0.437610 0.533335 0.016727 0.105370
3 0.454326 0.536497 0.018446 0.102341
1 0.717980 0.587003 0.017421 0.142891
3 0.470748 0.542609 0.020131 0.091448
3 0.459652 0.541815 0.017648 0.100405
1 0.694484 0.582947 0.022709 0.144881
1 0.713527 0.583679 0.016508 0.144476
3 0.467061 0.542012 0.017292 0.092938
