2 0.109732 0.456607 0.049384 0.191528
1 0.295585 0.602590 0.034403 0.174581
1 0.589299 0.597947 0.035945 0.171431
3 0.326372 0.559461 0.024289 0.130849
1 0.550343 0.634834 0.044752 0.183311
1 0.404328 0.629516 0.043960 0.157141
3 0.414474 0.555513 0.019658 0.104255
1 0.392023 0.577784 0.026018 0.154431
3 0.234399 0.550263 0.027990 0.124868
1 0.442477 0.570864 0.025161 0.127897
3 0.030708 0.566841 0.043764 0.132239
1 0.394991 0.587750 0.031885 0.186720
3 0.417381 0.549998 0.020660 0.095911
3 0.295107 0.538427 0.024705 0.092654
