1 0.618811 0.624103 0.032144 0.197547
1 0.506526 0.606506 0.034208 0.191960
1 0.388288 0.631542 0.045723 0.174283
2 0.110016 0.456340 0.046194 0.191047
1 0.423041 0.568952 0.028896 0.153670
3 0.202353 0.549387 0.027737 0.125842
3 0.171971 0.569123 0.026886 0.128002
3 0.303531 0.546186 0.020667 0.106951
1 0.675568 0.602157 0.046202 0.152832
3 0.356848 0.545269 0.020868 0.116809
1 0.331334 0.582696 0.026680 0.152908
3 0.176504 0.565469 0.026556 0.125179
3 0.346064 0.548088 0.017486 0.118069
3 0.352801 0.547209 0.024354 0.128085
