2 0.109018 0.457786 0.049855 0.189560
1 0.681263 0.582159 0.022484 0.142725
1 0.755332 0.586488 0.023710 0.147476
1 0.731241 0.582986 0.023609 0.154574
1 0.698090 0.585185 0.021823 0.144574
3 0.438579 0.533153 0.017611 0.108094
1 0.701953 0.585434 0.021227 0.145190
3 0.455131 0.537278 0.018356 0.101706
1 0.723073 0.583383 0.023768 0.152255
3 0.471307 0.542404 0.018869 0.091155
3 0.458954 0.540801 0.017998 0.100675
1 0.713014 0.582423 0.015816 0.148906
1 0.716844 0.584418 0.015931 0.146743
3 0.422819 0.536893 0.017924 0.101796
