1 0.518091 0.643489 0.034750 0.204741
1 0.602473 0.607374 0.029810 0.194515
1 0.296134 0.629259 0.046731 0.183561
1 0.390239 0.575270 0.028450 0.149960
2 0.109539 0.454208 0.047295 0.183774
3 0.196269 0.553130 0.047258 0.111873
1 0.431812 0.570048 0.028843 0.149380
3 0.282276 0.565094 0.028513 0.145518
3 0.121087 0.565678 0.024514 0.115573
1 0.548211 0.586336 0.026728 0.145956
3 0.272128 0.542792 0.031334 0.109748
3 0.205795 0.536003 0.028124 0.087541
1 0.509287 0.643991 0.034202 0.204342
3 0.274332 0.560106 0.032631 0.142301
