2 0.107707 0.455668 0.050946 0.190156
1 0.397122 0.663781 0.047744 0.211690
1 0.385832 0.560185 0.023528 0.111634
3 0.138559 0.555891 0.024073 0.117942
3 0.181233 0.538886 0.025684 0.119239
1 0.475550 0.574028 0.027956 0.158543
3 0.412185 0.547959 0.020004 0.108858
1 0.579390 0.663598 0.059278 0.249844
3 0.269234 0.554082 0.025490 0.134317
3 0.291889 0.561885 0.020760 0.123161
3 0.307319 0.534065 0.020589 0.114765
3 0.352720 0.517600 0.018900 0.096036
1 0.466539 0.570470 0.025061 0.155876
3 0.283564 0.558134 0.021321 0.130865
