1 0.381116 0.627667 0.039996 0.200797
1 0.541187 0.631794 0.035483 0.182652
1 0.617749 0.605583 0.030624 0.181230
3 0.225542 0.577064 0.030812 0.158762
1 0.493374 0.642485 0.039718 0.224938
1 0.435897 0.573123 0.026579 0.138982
2 0.109261 0.459102 0.048956 0.190284
3 0.305660 0.548137 0.027321 0.130003
3 0.404141 0.565031 0.026025 0.134393
3 0.361338 0.571055 0.023743 0.128396
3 0.388484 0.537084 0.017031 0.097227
1 0.564732 0.568618 0.027913 0.145590
3 0.397593 0.553415 0.021698 0.128892
3 0.383744 0.534779 0.022537 0.106614
3 0.176165 0.518709 0.032784 0.092181
