1 0.541507 0.631784 0.031800 0.183260
1 0.419774 0.632393 0.046683 0.200569
2 0.104214 0.456282 0.047300 0.192420
1 0.628358 0.590349 0.029626 0.177881
1 0.286593 0.613195 0.044416 0.198672
1 0.589196 0.603608 0.027180 0.182636
3 0.321763 0.571503 0.023980 0.148375
1 0.396650 0.573250 0.026448 0.139433
3 0.198633 0.584367 0.035435 0.149601
3 0.157682 0.531501 0.025649 0.105178
3 0.369043 0.541283 0.023576 0.117237
3 0.423618 0.543661 0.028235 0.110376
3 0.350508 0.511250 0.018637 0.088478
3 0.275793 0.541194 0.020136 0.107322
1 0.400900 0.575156 0.022429 0.139909
1 0.622837 0.591506 0.034059 0.176333
