1 0.340970 0.637324 0.032559 0.189870
1 0.579258 0.594918 0.026743 0.156180
1 0.375346 0.579827 0.027495 0.154098
1 0.644173 0.645550 0.045769 0.216819
2 0.108449 0.455234 0.050727 0.196289
1 0.331432 0.571386 0.025046 0.154626
3 0.197327 0.565156 0.030979 0.142695
3 0.165948 0.565809 0.026019 0.138672
1 0.331416 0.597390 0.027196 0.210099
3 0.283459 0.542714 0.026104 0.120763
1 0.336878 0.612859 0.036139 0.245430
1 0.928334 0.668561 0.056075 0.245360
1 0.345864 0.615135 0.024233 0.235653
3 0.181090 0.559188 0.020517 0.126722
