1 0.512962 0.619755 0.035727 0.188191
1 0.616652 0.602399 0.032967 0.184116
2 0.109496 0.457327 0.047073 0.191092
3 0.274044 0.538856 0.029967 0.112618
1 0.385884 0.573990 0.024601 0.143786
3 0.297655 0.582390 0.031107 0.144984
3 0.164636 0.565978 0.048508 0.122748
1 0.540666 0.600927 0.022786 0.153549
1 0.565495 0.591116 0.031207 0.138839
3 0.274822 0.563657 0.027620 0.172211
3 0.410779 0.546294 0.022444 0.094070
1 0.390599 0.574787 0.024178 0.139074
1 0.274479 0.577910 0.028496 0.159624
3 0.445812 0.563350 0.034004 0.123900
