3 0.341097 0.537780 0.022581 0.112316
3 0.151521 0.574162 0.026756 0.128167
1 0.429852 0.633686 0.039181 0.201900
1 0.295301 0.605980 0.040322 0.196016
1 0.598006 0.590443 0.025795 0.170603
1 0.501438 0.631958 0.031129 0.162620
2 0.103064 0.454191 0.039641 0.194588
1 0.404172 0.571795 0.022747 0.132189
1 0.566273 0.600899 0.028145 0.175247
3 0.423987 0.547083 0.024947 0.118706
3 0.286512 0.539446 0.022604 0.095435
3 0.360746 0.569233 0.026780 0.145120
3 0.144579 0.552561 0.020223 0.109978
3 0.136809 0.517146 0.025434 0.114221
3 0.488473 0.543361 0.028936 0.111797
1 0.360648 0.572207 0.024213 0.136679
1 0.591994 0.591458 0.027005 0.171202
