0 0.765132 0.216093 0.020241 0.048932
1 0.491947 0.625484 0.032648 0.208734
1 0.402029 0.628282 0.038351 0.178835
2 0.109790 0.457036 0.048843 0.192918
1 0.454695 0.570340 0.023824 0.131777
3 0.326748 0.537672 0.020758 0.110512
1 0.355047 0.580109 0.033272 0.153564
1 0.420773 0.566246 0.025830 0.149154
3 0.309477 0.559556 0.021277 0.127286
1 0.785670 0.648517 0.051560 0.216620
3 0.195146 0.560391 0.025299 0.109755
3 0.290231 0.559644 0.022558 0.128645
3 0.395343 0.542062 0.021341 0.104516
3 0.190120 0.558584 0.031323 0.110172
3 0.389726 0.530199 0.024113 0.104308
3 0.177862 0.557576 0.029551 0.112070
3 0.182790 0.552045 0.020982 0.109123
3 0.387848 0.517025 0.022535 0.080317
3 0.394220 0.557574 0.024528 0.114112
