1 0.450694 0.630945 0.040961 0.179947
2 0.107898 0.458573 0.056830 0.192615
1 0.616665 0.595526 0.028308 0.174833
1 0.561681 0.626305 0.033246 0.192147
3 0.214576 0.553978 0.027871 0.133182
1 0.495844 0.606402 0.027204 0.167120
3 0.295976 0.551326 0.019302 0.106509
1 0.533762 0.592382 0.027913 0.162688
3 0.333522 0.563898 0.022610 0.115462
3 0.246474 0.549810 0.027399 0.125183
3 0.319134 0.559119 0.022833 0.123429
3 0.280427 0.560047 0.022179 0.129498
1 0.508853 0.591500 0.020740 0.176061
1 0.611360 0.595927 0.029157 0.173487
3 0.326318 0.555802 0.029298 0.121309
