1 0.381584 0.627254 0.040498 0.202070
3 0.406606 0.566098 0.023500 0.140745
3 0.224866 0.576631 0.031229 0.159030
1 0.627024 0.603874 0.028762 0.185514
1 0.532347 0.634223 0.032390 0.206966
2 0.103505 0.455302 0.040207 0.192486
3 0.305468 0.548433 0.027042 0.128912
1 0.435632 0.571905 0.024409 0.142223
1 0.537820 0.627800 0.028871 0.192128
3 0.392783 0.539524 0.019084 0.107216
1 0.570353 0.570948 0.029786 0.153311
1 0.523008 0.644418 0.037961 0.232193
3 0.364472 0.567278 0.020289 0.122252
3 0.161110 0.522217 0.019089 0.085957
1 0.516160 0.643057 0.040810 0.226995
