1 0.393782 0.621274 0.038072 0.199516
1 0.524124 0.636775 0.036295 0.184419
2 0.105414 0.455923 0.046283 0.191697
1 0.582606 0.613588 0.027979 0.194530
3 0.340916 0.572610 0.028342 0.149961
3 0.194349 0.584582 0.032969 0.141937
1 0.291493 0.603806 0.030286 0.192907
1 0.284885 0.604348 0.032943 0.192257
3 0.366171 0.535708 0.023717 0.110207
1 0.589522 0.592644 0.027846 0.162780
3 0.408492 0.563147 0.029933 0.145979
1 0.299640 0.588445 0.026820 0.158673
3 0.165919 0.527642 0.025119 0.102143
3 0.286715 0.542234 0.021245 0.102571
