1 0.489666 0.631605 0.032105 0.179514
1 0.603476 0.588926 0.026149 0.172494
2 0.110717 0.455705 0.047038 0.191604
1 0.369597 0.623840 0.036399 0.174708
3 0.408086 0.551826 0.028956 0.126346
3 0.355470 0.543938 0.023196 0.117725
1 0.295155 0.598133 0.031922 0.176964
3 0.183119 0.581221 0.027202 0.128464
1 0.579542 0.600895 0.027838 0.181303
3 0.164994 0.547606 0.024564 0.118041
3 0.341460 0.513603 0.017043 0.084323
3 0.315004 0.580922 0.023555 0.153291
3 0.351865 0.527526 0.024932 0.099050
1 0.378598 0.535271 0.023158 0.130706
1 0.596597 0.591951 0.024320 0.167765
