1 0.575311 0.628410 0.045892 0.205092
1 0.514221 0.601599 0.031680 0.187711
1 0.437066 0.630464 0.036784 0.178171
2 0.110658 0.454866 0.045830 0.187791
1 0.802715 0.627948 0.033940 0.189214
3 0.193587 0.549562 0.034499 0.126687
1 0.380923 0.572368 0.026576 0.160055
3 0.140092 0.569026 0.031253 0.124477
3 0.325789 0.540701 0.021050 0.111924
3 0.406068 0.560145 0.024402 0.138856
3 0.305326 0.557194 0.020898 0.101353
0 0.465948 0.349146 0.017928 0.030332
3 0.415126 0.553547 0.018044 0.128302
3 0.410399 0.555736 0.022469 0.136427
1 0.373397 0.573581 0.037534 0.160678
