2 0.108728 0.459716 0.051450 0.188250
1 0.695332 0.581744 0.021027 0.140741
1 0.684314 0.581686 0.020088 0.138830
1 0.733072 0.583423 0.023624 0.148040
1 0.701636 0.583984 0.018807 0.141535
1 0.716381 0.583332 0.017782 0.145490
1 0.759973 0.585635 0.023901 0.148553
3 0.455077 0.536807 0.019155 0.102849
3 0.437726 0.532886 0.017144 0.106862
1 0.739618 0.584578 0.021889 0.149124
3 0.459184 0.541013 0.017556 0.101250
3 0.470994 0.542955 0.019157 0.090452
1 0.705483 0.584893 0.018948 0.141772
3 0.422829 0.534924 0.017244 0.098095
