1 0.424685 0.624129 0.033713 0.176174
1 0.531727 0.585128 0.045257 0.170097
1 0.589433 0.642339 0.040186 0.226170
1 0.453317 0.568517 0.024293 0.134682
3 0.281466 0.560469 0.022833 0.124464
2 0.108811 0.457442 0.051779 0.193073
3 0.329103 0.565316 0.032256 0.141118
1 0.621047 0.602303 0.028741 0.175436
1 0.370501 0.617516 0.034564 0.194822
3 0.302606 0.577304 0.024052 0.131508
3 0.261358 0.565022 0.021237 0.137188
3 0.357783 0.549333 0.023955 0.127954
3 0.246309 0.567021 0.026970 0.141786
3 0.328820 0.559851 0.023419 0.132288
