2 0.106560 0.455518 0.048125 0.191716
1 0.639315 0.594059 0.033696 0.172017
1 0.503876 0.573551 0.026485 0.140826
1 0.577583 0.656885 0.037080 0.210571
1 0.388101 0.582499 0.025840 0.144414
1 0.805093 0.704938 0.051604 0.301030
3 0.278689 0.540278 0.024199 0.112673
1 0.408393 0.542997 0.025218 0.120611
3 0.258829 0.567573 0.023796 0.125862
3 0.189871 0.550710 0.021024 0.119473
3 0.170801 0.564355 0.027983 0.139866
3 0.185427 0.558487 0.023687 0.131861
3 0.175784 0.560986 0.028773 0.135179
3 0.263435 0.562487 0.019566 0.137707
1 0.401911 0.567815 0.018240 0.150397
