2 0.108394 0.459028 0.050271 0.187882
1 0.684009 0.582791 0.021737 0.136856
1 0.693274 0.583308 0.022982 0.140588
3 0.438928 0.532096 0.016629 0.107458
1 0.760614 0.585877 0.023383 0.149978
1 0.688579 0.582088 0.025244 0.141247
1 0.702036 0.584250 0.019530 0.142200
3 0.455358 0.536564 0.018483 0.102268
1 0.733546 0.584842 0.023064 0.147500
1 0.716894 0.587019 0.016960 0.140878
1 0.745022 0.585357 0.019773 0.148723
3 0.469823 0.541827 0.017204 0.091069
3 0.460063 0.539556 0.017655 0.101380
3 0.434274 0.533169 0.020051 0.103722
