1 0.542609 0.647149 0.029042 0.207800
2 0.108614 0.455784 0.046857 0.190784
1 0.564215 0.606724 0.021931 0.177718
1 0.300323 0.612211 0.030491 0.162003
1 0.371713 0.576689 0.029453 0.150386
3 0.137272 0.562777 0.026215 0.122677
3 0.402142 0.569960 0.032366 0.131070
3 0.253451 0.566611 0.026754 0.147628
1 0.270171 0.598667 0.029725 0.188110
1 0.556869 0.615480 0.019805 0.165449
1 0.533557 0.637449 0.030781 0.229062
3 0.291805 0.552671 0.023919 0.114571
1 0.553500 0.619663 0.022446 0.173102
3 0.248922 0.570154 0.029758 0.157111
3 0.297071 0.550186 0.031988 0.113495
3 0.302810 0.542910 0.028725 0.104424
1 0.527620 0.590501 0.024236 0.152157
3 0.273065 0.597496 0.022656 0.158502
