1 0.269383 0.616061 0.040343 0.210640
1 0.414793 0.635188 0.026333 0.176610
2 0.104826 0.455215 0.040793 0.192835
1 0.528618 0.612178 0.051243 0.193468
3 0.232655 0.543863 0.020146 0.120163
3 0.216740 0.580643 0.026760 0.158782
1 0.598686 0.601949 0.033831 0.186532
1 0.622537 0.587582 0.025762 0.156599
3 0.342488 0.570973 0.029280 0.145607
3 0.412798 0.554587 0.029973 0.115695
1 0.631513 0.589016 0.032965 0.157475
1 0.405898 0.636067 0.026750 0.178509
3 0.144934 0.537089 0.022411 0.100556
1 0.636980 0.587057 0.030428 0.163280
