0 0.716768 0.691833 0.022210 0.038589
2 0.107475 0.450423 0.041484 0.183464
1 0.346722 0.575721 0.032670 0.167679
1 0.594173 0.609959 0.026971 0.178465
3 0.427593 0.555708 0.021444 0.114297
1 0.918952 0.651191 0.033840 0.234966
1 0.406322 0.583097 0.024294 0.142656
1 0.476782 0.639277 0.031619 0.223227
3 0.270890 0.546875 0.024714 0.126684
3 0.291613 0.557912 0.025757 0.129072
1 0.383229 0.594489 0.026051 0.171534
3 0.157412 0.553063 0.024907 0.129687
3 0.374346 0.531612 0.021174 0.093612
3 0.275899 0.551430 0.019195 0.128902
3 0.145303 0.544710 0.021832 0.116950
1 0.387145 0.588285 0.022864 0.154103
3 0.286355 0.554378 0.024886 0.133206
