1 0.386203 0.639127 0.044451 0.192080
1 0.555293 0.633383 0.028314 0.208329
2 0.108587 0.462055 0.047361 0.184461
3 0.212760 0.537404 0.029636 0.112554
1 0.617872 0.591416 0.023067 0.146141
3 0.458094 0.562087 0.025563 0.123239
1 0.270605 0.600403 0.050291 0.183088
3 0.333628 0.537653 0.021558 0.104464
3 0.429730 0.558224 0.023454 0.135115
1 0.699112 0.619494 0.060890 0.193597
1 0.607281 0.590595 0.029774 0.149662
3 0.242795 0.574487 0.024420 0.156630
1 0.598205 0.588465 0.024459 0.150858
1 0.262660 0.598075 0.038937 0.190940
