1 0.660597 0.612490 0.040885 0.199385
2 0.107504 0.456429 0.049255 0.187691
1 0.326385 0.628181 0.044314 0.187398
1 0.454600 0.638720 0.038895 0.215934
3 0.165713 0.544233 0.025611 0.123494
1 0.400795 0.571617 0.026076 0.149597
1 0.424588 0.565675 0.023583 0.143292
3 0.262786 0.547669 0.024761 0.114961
1 0.853902 0.657206 0.032509 0.167407
1 0.429967 0.565014 0.026116 0.143681
3 0.129494 0.562846 0.024207 0.122658
3 0.337264 0.529304 0.021879 0.094108
3 0.371335 0.554691 0.027445 0.120333
1 0.434238 0.560979 0.020393 0.139457
