1 0.539102 0.625175 0.038680 0.215814
1 0.491087 0.620297 0.032167 0.195583
2 0.109317 0.458343 0.053570 0.189358
1 0.319477 0.598489 0.030618 0.183647
3 0.266103 0.544987 0.023528 0.126902
1 0.604160 0.590133 0.024351 0.157305
3 0.243492 0.569574 0.029245 0.152503
3 0.151377 0.535476 0.024353 0.100499
3 0.424615 0.549181 0.024574 0.120672
1 0.445403 0.638761 0.033161 0.185974
3 0.344899 0.567107 0.027765 0.146347
1 0.599084 0.588469 0.025842 0.157685
3 0.254086 0.556282 0.018451 0.136229
1 0.617866 0.593044 0.024862 0.153912
