1 0.529961 0.616307 0.033931 0.208923
3 0.383694 0.561086 0.026889 0.131636
1 0.349598 0.631502 0.035372 0.215548
2 0.104485 0.456326 0.042231 0.192837
1 0.610008 0.609411 0.033129 0.180256
3 0.363987 0.540823 0.017811 0.116377
1 0.461834 0.606502 0.028302 0.164522
1 0.566658 0.583304 0.025441 0.163466
1 0.434320 0.603730 0.029819 0.161864
3 0.256521 0.578748 0.025800 0.154548
3 0.242908 0.548606 0.021195 0.107577
3 0.271344 0.529681 0.026390 0.105645
3 0.142256 0.530655 0.025332 0.104742
3 0.259780 0.573317 0.034388 0.171944
