1 0.528152 0.618227 0.029427 0.193513
2 0.104808 0.455373 0.040843 0.191227
1 0.628541 0.588024 0.025401 0.161238
1 0.394178 0.630989 0.033502 0.211954
1 0.489680 0.577881 0.041664 0.160542
1 0.374653 0.576346 0.026906 0.147008
3 0.137081 0.560375 0.029630 0.130313
3 0.431657 0.562892 0.024804 0.120751
1 0.582088 0.625404 0.034097 0.141444
3 0.307839 0.564735 0.026490 0.144126
3 0.072487 0.530308 0.024830 0.107465
3 0.380602 0.540276 0.022840 0.114919
1 0.586235 0.614237 0.032487 0.166816
3 0.378281 0.564065 0.026858 0.160246
