2 0.107395 0.455725 0.044388 0.191325
1 0.360492 0.631154 0.045844 0.226255
1 0.627351 0.586415 0.024770 0.159702
1 0.510333 0.616895 0.031343 0.190704
3 0.137156 0.560170 0.030962 0.130989
1 0.588842 0.624685 0.029280 0.146672
3 0.315649 0.558326 0.022519 0.141380
3 0.422734 0.563542 0.025127 0.120627
1 0.583351 0.625547 0.033887 0.145499
3 0.294471 0.568626 0.030647 0.135491
1 0.377125 0.566911 0.023603 0.154463
3 0.357423 0.529977 0.020430 0.091141
3 0.311572 0.563371 0.020756 0.137154
3 0.492715 0.569670 0.022504 0.137996
3 0.076348 0.530702 0.023215 0.104387
1 0.500703 0.604697 0.025621 0.195887
