1 0.470237 0.613909 0.038296 0.204849
1 0.265512 0.601458 0.038528 0.179887
2 0.109649 0.456687 0.047620 0.191234
3 0.442782 0.556754 0.023922 0.133759
3 0.155496 0.551495 0.029199 0.140594
1 0.421234 0.578498 0.028120 0.136791
3 0.328071 0.553004 0.024999 0.103601
1 0.373889 0.575485 0.028086 0.155006
1 0.596584 0.605525 0.029516 0.180352
3 0.347468 0.576879 0.022721 0.141433
3 0.250732 0.550342 0.020444 0.115305
3 0.321967 0.551349 0.039747 0.102615
1 0.462046 0.609297 0.035962 0.197263
3 0.378738 0.570656 0.021585 0.143986
