1 0.379612 0.580275 0.026761 0.156781
1 0.656366 0.623070 0.034279 0.203341
1 0.512568 0.630474 0.039750 0.195286
2 0.107295 0.455826 0.045488 0.193566
1 0.213827 0.603431 0.043488 0.193991
3 0.329873 0.540486 0.025059 0.110782
1 0.342240 0.633212 0.038630 0.181707
1 0.487562 0.584558 0.023959 0.145276
3 0.286368 0.568538 0.021761 0.153283
3 0.271104 0.570682 0.022066 0.153131
3 0.256007 0.568322 0.021772 0.147270
3 0.415617 0.552105 0.022152 0.110596
3 0.278506 0.567080 0.026699 0.158040
3 0.230479 0.549150 0.021993 0.122436
