1 0.430023 0.574534 0.024494 0.139098
1 0.268260 0.593422 0.034732 0.170083
1 0.465924 0.610674 0.033673 0.208332
2 0.109120 0.456273 0.047347 0.194701
3 0.394990 0.568194 0.026592 0.127557
3 0.216829 0.575525 0.034162 0.115772
1 0.344101 0.637999 0.057407 0.223855
3 0.308617 0.560486 0.025507 0.140724
3 0.164923 0.548329 0.025712 0.128820
3 0.380268 0.541572 0.021003 0.117007
1 0.581312 0.580547 0.029893 0.150150
1 0.448365 0.594788 0.021688 0.173223
3 0.319799 0.565330 0.023711 0.140597
1 0.455779 0.609795 0.030436 0.196795
3 0.360373 0.521354 0.021301 0.104274
3 0.389494 0.562288 0.028548 0.139538
