1 0.508694 0.631593 0.039452 0.182125
2 0.108691 0.454076 0.048014 0.189402
1 0.417198 0.631136 0.043572 0.201009
1 0.315607 0.600944 0.033683 0.186271
1 0.547982 0.599843 0.026077 0.174295
3 0.293733 0.546504 0.023996 0.114253
1 0.381939 0.576414 0.023540 0.142736
1 0.587818 0.590429 0.028841 0.165072
3 0.125403 0.573123 0.028743 0.126620
3 0.258026 0.537216 0.035028 0.107942
3 0.341562 0.563639 0.024164 0.158075
3 0.419290 0.537091 0.027487 0.101333
1 0.339138 0.569670 0.022457 0.149998
1 0.335763 0.581325 0.019248 0.154231
