1 0.507318 0.617060 0.035993 0.202652
1 0.386301 0.625001 0.038822 0.205144
2 0.108593 0.460019 0.048409 0.189877
1 0.603639 0.603962 0.028986 0.179115
3 0.340661 0.572868 0.033452 0.144911
3 0.296878 0.538518 0.028141 0.115649
3 0.252536 0.578100 0.025253 0.158818
1 0.456564 0.611026 0.030853 0.165694
1 0.567011 0.575399 0.027351 0.156889
3 0.416552 0.554021 0.021719 0.109660
3 0.135363 0.528162 0.024642 0.123738
1 0.463514 0.607933 0.026718 0.158202
3 0.242732 0.574906 0.021487 0.156268
1 0.479053 0.603361 0.023979 0.143897
3 0.239097 0.554954 0.016359 0.115651
