1 0.564612 0.634170 0.034620 0.202620
2 0.109745 0.456964 0.050076 0.192385
1 0.297038 0.585583 0.031140 0.153171
3 0.320617 0.559216 0.024186 0.123448
1 0.389622 0.569523 0.027481 0.150010
1 0.363719 0.642078 0.043683 0.174461
1 0.657639 0.617001 0.044531 0.194079
1 0.532142 0.581077 0.031402 0.143610
3 0.221478 0.569211 0.028192 0.149676
3 0.204156 0.560058 0.022909 0.118765
3 0.354885 0.551440 0.025114 0.109032
3 0.211407 0.567844 0.026497 0.142613
1 0.559083 0.635264 0.026909 0.199593
3 0.304306 0.536261 0.019681 0.110444
