2 0.108370 0.458627 0.051281 0.190940
3 0.289532 0.541825 0.023918 0.113933
1 0.612601 0.613533 0.030562 0.191221
1 0.551380 0.579357 0.022627 0.135377
1 0.580250 0.573457 0.025280 0.145319
3 0.406220 0.554493 0.023465 0.111509
3 0.261662 0.544260 0.023398 0.111303
3 0.334301 0.548738 0.022767 0.120510
1 0.910455 0.630959 0.044692 0.208652
3 0.339450 0.547425 0.020947 0.123062
1 0.711754 0.589279 0.025222 0.143143
1 0.625887 0.598894 0.024224 0.169452
1 0.602197 0.611585 0.034432 0.205092
1 0.617234 0.604430 0.026565 0.176282
