1 0.422026 0.629683 0.035589 0.185456
1 0.329574 0.591987 0.031056 0.186094
2 0.110767 0.458784 0.051389 0.190192
3 0.370919 0.567270 0.027312 0.138993
1 0.535656 0.623511 0.037051 0.198793
1 0.849705 0.649695 0.048892 0.225815
3 0.171753 0.551965 0.035450 0.136935
3 0.394874 0.547019 0.023448 0.106058
3 0.310430 0.538448 0.025950 0.112872
3 0.255166 0.571285 0.028409 0.150732
1 0.516869 0.622633 0.031171 0.187651
3 0.242857 0.561778 0.023761 0.142497
1 0.513090 0.612127 0.027191 0.161211
1 0.344760 0.587745 0.018846 0.171953
