2 0.106875 0.454563 0.045470 0.193724
1 0.719725 0.620505 0.041242 0.194634
1 0.431983 0.603041 0.023139 0.146760
1 0.371653 0.580090 0.029573 0.151343
1 0.675946 0.671940 0.046239 0.256898
3 0.266776 0.553361 0.024705 0.129357
3 0.197643 0.558373 0.031664 0.101355
3 0.293357 0.555409 0.024015 0.135327
1 0.446120 0.592182 0.019157 0.135304
3 0.395091 0.542909 0.028920 0.115513
3 0.276272 0.553005 0.017626 0.133017
1 0.449006 0.582616 0.020469 0.134406
3 0.428794 0.540984 0.019465 0.091923
3 0.284270 0.554002 0.021568 0.135020
