1 0.555483 0.626869 0.048647 0.197287
1 0.413645 0.570591 0.030064 0.150616
1 0.351007 0.631274 0.038016 0.176818
2 0.111140 0.457704 0.048215 0.188327
1 0.327233 0.585423 0.026814 0.136964
1 0.520106 0.587498 0.025349 0.145576
3 0.428407 0.555299 0.020458 0.111529
1 0.651560 0.610803 0.046820 0.183025
3 0.226300 0.565197 0.030781 0.151433
3 0.156985 0.570851 0.030729 0.130064
1 0.328982 0.565122 0.023746 0.150699
1 0.319414 0.569048 0.025932 0.165335
3 0.208790 0.551905 0.022517 0.121029
1 0.646003 0.612534 0.032927 0.186694
