1 0.408484 0.653515 0.038619 0.197116
2 0.109236 0.456270 0.046572 0.193159
1 0.542578 0.611944 0.031205 0.186520
1 0.423566 0.574953 0.024124 0.132073
1 0.353261 0.577501 0.028933 0.165832
3 0.275033 0.548297 0.030689 0.115652
3 0.255577 0.566340 0.021706 0.127140
1 0.387827 0.573604 0.026555 0.146374
3 0.408283 0.538428 0.021624 0.102831
3 0.168253 0.566775 0.033345 0.141945
1 0.800795 0.719897 0.074551 0.319885
1 0.391289 0.565772 0.024420 0.144701
1 0.421393 0.590142 0.026115 0.135326
1 0.400707 0.651781 0.030807 0.205918
1 0.419188 0.653092 0.027009 0.185754
