1 0.602775 0.622833 0.045734 0.207549
1 0.444660 0.568496 0.027100 0.147404
1 0.350063 0.612903 0.030128 0.182854
1 0.462001 0.617052 0.031348 0.170833
3 0.153957 0.554462 0.022443 0.118963
2 0.106512 0.454162 0.044495 0.192575
1 0.903865 0.634839 0.042507 0.192730
3 0.316046 0.564981 0.025779 0.133692
3 0.408056 0.552117 0.023448 0.106389
3 0.134851 0.554917 0.021688 0.132134
3 0.370216 0.544399 0.021752 0.121727
1 0.473610 0.596355 0.024451 0.175931
3 0.335042 0.544518 0.020361 0.092696
3 0.390628 0.522220 0.017842 0.094252
1 0.476068 0.576873 0.024085 0.140009
