1 0.563261 0.617346 0.030277 0.198152
1 0.427612 0.576392 0.024772 0.135839
1 0.768400 0.705137 0.053872 0.299774
0 0.428504 0.338179 0.018559 0.035667
1 0.399574 0.651740 0.039204 0.196471
2 0.111731 0.455104 0.045086 0.191551
3 0.392553 0.559754 0.024226 0.127851
3 0.187227 0.550760 0.024131 0.119135
3 0.251863 0.571272 0.026963 0.127798
3 0.278309 0.547996 0.023207 0.108625
1 0.354155 0.576315 0.031265 0.160561
3 0.409740 0.537883 0.020096 0.099697
3 0.166429 0.565908 0.025266 0.141838
1 0.416310 0.569995 0.021484 0.140626
