2 0.105487 0.455321 0.041821 0.195022
1 0.844786 0.645787 0.044901 0.224268
1 0.555497 0.661560 0.063999 0.264142
3 0.235626 0.562453 0.027453 0.130131
3 0.175255 0.546824 0.029636 0.124477
3 0.365982 0.543709 0.025324 0.120853
1 0.420580 0.581493 0.027227 0.151448
3 0.278092 0.566152 0.030569 0.142241
3 0.261276 0.552858 0.020755 0.139619
1 0.470901 0.578312 0.029670 0.138587
1 0.478699 0.576850 0.022241 0.144579
1 0.407145 0.582668 0.022798 0.129851
3 0.267952 0.558440 0.028124 0.142199
1 0.351476 0.641511 0.041392 0.134638
