2 0.108365 0.459146 0.052644 0.187079
1 0.690772 0.570435 0.023682 0.155994
1 0.682253 0.579637 0.023181 0.145498
1 0.756603 0.585866 0.023934 0.145375
1 0.733664 0.583877 0.023119 0.147851
3 0.421661 0.538487 0.018353 0.099312
3 0.453505 0.535400 0.017852 0.102090
1 0.713193 0.583864 0.023102 0.147375
3 0.437763 0.534010 0.016321 0.107565
1 0.741734 0.584493 0.017218 0.147806
1 0.687150 0.574304 0.022620 0.149715
3 0.471072 0.543640 0.020043 0.087341
1 0.737557 0.582340 0.021387 0.149231
3 0.459805 0.539528 0.015003 0.099037
