1 0.484319 0.617815 0.031960 0.204577
2 0.109155 0.455262 0.047598 0.193214
1 0.320501 0.629028 0.053359 0.210039
3 0.224864 0.554644 0.028535 0.121254
1 0.403142 0.580073 0.023713 0.152112
3 0.358081 0.566587 0.030399 0.134490
3 0.318408 0.541117 0.026891 0.112907
1 0.454472 0.609649 0.027418 0.163960
1 0.598531 0.604183 0.035827 0.180635
3 0.159982 0.548945 0.029526 0.128918
1 0.420953 0.588572 0.023748 0.153607
3 0.249029 0.579279 0.040365 0.153421
1 0.422133 0.573262 0.023430 0.111428
1 0.415751 0.585989 0.027748 0.158374
