2 0.106681 0.456146 0.046610 0.190537
1 0.614894 0.631320 0.040980 0.209249
1 0.568853 0.597475 0.029977 0.176005
1 0.430717 0.630149 0.032541 0.171868
3 0.280637 0.545469 0.021132 0.109463
3 0.250403 0.557755 0.027287 0.119694
3 0.431042 0.539954 0.023405 0.103465
1 0.364477 0.591912 0.032609 0.171063
3 0.214824 0.554183 0.029418 0.132405
3 0.410338 0.557600 0.020118 0.121534
1 0.380537 0.584535 0.031043 0.163653
3 0.299264 0.546116 0.023285 0.115216
3 0.415371 0.561917 0.018594 0.129759
3 0.412858 0.570651 0.019333 0.122219
