1 0.822423 0.631855 0.033263 0.191390
1 0.468116 0.632762 0.045387 0.178589
1 0.541400 0.622194 0.043169 0.217076
2 0.110300 0.454101 0.045478 0.188361
1 0.424499 0.567820 0.032129 0.150125
3 0.326208 0.568955 0.027758 0.150539
3 0.137536 0.568945 0.025230 0.117327
3 0.302532 0.556348 0.021538 0.105836
1 0.377800 0.573217 0.029133 0.151484
3 0.191111 0.551875 0.031345 0.120367
1 0.563691 0.588135 0.023354 0.156304
1 0.556826 0.602367 0.020814 0.179043
3 0.386469 0.549149 0.018167 0.125259
1 0.549924 0.621429 0.032359 0.214640
3 0.309512 0.553779 0.016367 0.113136
