1 0.484918 0.613230 0.031086 0.201760
1 0.443318 0.619139 0.034680 0.164091
2 0.105518 0.455804 0.041184 0.191270
1 0.415394 0.587809 0.025484 0.164499
3 0.154371 0.545553 0.024303 0.126598
0 0.673369 0.728571 0.022317 0.045899
1 0.643982 0.587905 0.036600 0.168064
1 0.832732 0.665590 0.033318 0.185222
3 0.391217 0.547482 0.021037 0.121090
3 0.338586 0.535498 0.020607 0.095723
3 0.320215 0.572775 0.029287 0.144054
3 0.130992 0.565657 0.023708 0.125569
3 0.270920 0.547370 0.022998 0.114393
3 0.333290 0.562373 0.020712 0.144994
3 0.448215 0.518848 0.022310 0.084221
