1 0.482998 0.621918 0.029006 0.202615
1 0.594609 0.602757 0.025367 0.182296
2 0.112005 0.455358 0.041549 0.191900
1 0.451299 0.585703 0.031413 0.139937
3 0.417179 0.552499 0.024387 0.114692
3 0.260745 0.550734 0.027791 0.109853
1 0.493291 0.615261 0.029186 0.183274
3 0.300101 0.536739 0.026481 0.112325
1 0.399292 0.633713 0.048131 0.176141
3 0.157935 0.538305 0.023900 0.116170
3 0.371833 0.567974 0.032420 0.137707
3 0.318142 0.573143 0.027854 0.146634
1 0.582152 0.585412 0.022606 0.170956
1 0.498225 0.611141 0.023685 0.160739
1 0.478133 0.618675 0.028647 0.207171
1 0.474308 0.595489 0.022433 0.159304
