1 0.567050 0.659836 0.042275 0.241731
1 0.340919 0.593984 0.026531 0.164306
2 0.108575 0.457285 0.051529 0.193019
3 0.386741 0.558288 0.018266 0.122735
1 0.428618 0.575786 0.026716 0.162760
3 0.232870 0.558731 0.036643 0.141647
1 0.402601 0.603383 0.031861 0.163505
3 0.281241 0.547579 0.028633 0.130315
3 0.389350 0.548331 0.019941 0.124905
1 0.706975 0.642332 0.062448 0.173352
3 0.336103 0.546700 0.023569 0.118568
3 0.372777 0.568731 0.022768 0.137047
3 0.377672 0.567317 0.026223 0.136541
3 0.402526 0.519620 0.016055 0.082709
