1 0.556456 0.624148 0.040957 0.216681
1 0.383834 0.608481 0.034080 0.171329
1 0.506187 0.580095 0.024877 0.145845
1 0.284128 0.589570 0.030599 0.162440
2 0.109794 0.456206 0.046701 0.193525
3 0.319813 0.539962 0.022575 0.100864
3 0.303807 0.563050 0.019977 0.118472
3 0.185538 0.551047 0.036980 0.124257
3 0.440514 0.552008 0.023669 0.129170
1 0.468062 0.576987 0.026352 0.135639
3 0.228551 0.565272 0.034422 0.152444
3 0.404088 0.558047 0.022090 0.132622
3 0.489283 0.543942 0.017125 0.085302
1 0.418947 0.572306 0.024117 0.148228
3 0.410718 0.565647 0.023845 0.140109
