1 0.496325 0.629459 0.044437 0.209828
2 0.109232 0.458253 0.050029 0.191675
1 0.613916 0.607708 0.034504 0.179043
1 0.541527 0.585769 0.027208 0.165345
1 0.389755 0.630963 0.028165 0.168308
3 0.331703 0.548608 0.024092 0.123066
1 0.406608 0.604794 0.029782 0.188880
3 0.172568 0.549962 0.028770 0.129471
3 0.198451 0.552367 0.025282 0.108946
1 0.476664 0.605971 0.025562 0.162371
3 0.310059 0.549715 0.023345 0.118257
3 0.258704 0.556398 0.026701 0.138991
3 0.265548 0.557202 0.029482 0.137914
1 0.484574 0.628537 0.038420 0.206216
