1 0.362268 0.617533 0.035028 0.168299
1 0.526460 0.621488 0.030705 0.186537
2 0.109151 0.455795 0.047463 0.190372
1 0.562579 0.595636 0.027881 0.178227
3 0.325320 0.549802 0.029077 0.092786
3 0.408267 0.554696 0.025875 0.111439
1 0.436202 0.590112 0.029596 0.154615
3 0.151324 0.565831 0.030022 0.127422
3 0.220361 0.548445 0.030632 0.121264
3 0.284354 0.588627 0.026124 0.134757
1 0.305544 0.587590 0.029266 0.160900
1 0.517927 0.562371 0.026367 0.135063
0 0.342213 0.439658 0.014911 0.030003
1 0.519102 0.597965 0.031441 0.211546
3 0.350285 0.510476 0.019764 0.081668
