2 0.107310 0.457164 0.048511 0.193560
1 0.318895 0.599377 0.032624 0.194518
1 0.594767 0.611860 0.031741 0.178518
1 0.450017 0.616344 0.036022 0.193211
1 0.229008 0.590472 0.031391 0.162957
1 0.529992 0.627471 0.055549 0.212770
3 0.430138 0.553958 0.023293 0.104552
3 0.348342 0.541295 0.024208 0.116420
3 0.166803 0.566627 0.030456 0.134330
1 0.618309 0.590571 0.029391 0.155387
3 0.151300 0.532828 0.021335 0.102524
3 0.154218 0.539334 0.024209 0.110242
3 0.339718 0.542432 0.016336 0.115717
1 0.599914 0.606643 0.027718 0.182979
3 0.336375 0.545633 0.017592 0.119835
1 0.324921 0.596679 0.032943 0.188538
1 0.329491 0.584744 0.025628 0.169127
