1 0.576717 0.602003 0.029408 0.182338
1 0.397065 0.635563 0.041155 0.181898
3 0.211665 0.574528 0.034715 0.161037
1 0.622732 0.592055 0.034056 0.156770
2 0.109906 0.455552 0.046383 0.191503
1 0.439918 0.585758 0.022831 0.132112
3 0.246903 0.544847 0.025431 0.118821
1 0.310521 0.610325 0.035074 0.201650
3 0.353989 0.546631 0.021246 0.105246
3 0.144760 0.551439 0.026273 0.107249
1 0.523252 0.641685 0.050861 0.176191
3 0.418182 0.569279 0.024017 0.128016
1 0.530578 0.643152 0.034984 0.171260
3 0.372644 0.568799 0.025120 0.139537
3 0.356673 0.554296 0.019035 0.115167
1 0.432405 0.584012 0.033438 0.132972
