1 0.231741 0.588790 0.035047 0.179713
1 0.318643 0.643432 0.042005 0.228134
1 0.551654 0.637482 0.034753 0.212696
1 0.417583 0.580864 0.022302 0.137289
1 0.456515 0.600936 0.027390 0.151984
2 0.109194 0.456567 0.047407 0.193412
3 0.293034 0.575253 0.022177 0.144818
3 0.273622 0.580617 0.037548 0.148435
3 0.380970 0.545452 0.025212 0.115956
3 0.161342 0.543396 0.025546 0.115881
3 0.286851 0.579436 0.024743 0.152360
3 0.195313 0.572237 0.031877 0.112470
3 0.399276 0.574894 0.020968 0.107050
1 0.581748 0.576361 0.026662 0.127037
1 0.400050 0.574509 0.019500 0.113165
