1 0.517856 0.636360 0.037398 0.184332
1 0.282773 0.606274 0.036909 0.196148
2 0.107198 0.455940 0.046041 0.193464
1 0.622540 0.591813 0.032948 0.172054
1 0.404535 0.623841 0.031120 0.198573
3 0.322802 0.571923 0.037381 0.152116
3 0.203509 0.585836 0.039995 0.146422
1 0.589159 0.602168 0.031803 0.182137
1 0.390046 0.616420 0.024499 0.218354
3 0.416268 0.558481 0.027627 0.132941
1 0.384690 0.573323 0.024793 0.135846
1 0.398748 0.618949 0.039459 0.206873
3 0.163684 0.526950 0.023586 0.102388
1 0.385920 0.610407 0.028001 0.217058
3 0.378885 0.542982 0.022053 0.118310
