1 0.454467 0.599998 0.024092 0.164143
1 0.603463 0.614414 0.028087 0.186306
1 0.347864 0.587577 0.033932 0.180053
2 0.109007 0.455728 0.047313 0.194213
1 0.430378 0.603719 0.022946 0.147025
3 0.298571 0.542175 0.026453 0.114768
1 0.574265 0.618986 0.036513 0.197887
1 0.425675 0.600836 0.024312 0.148978
3 0.268055 0.570337 0.022939 0.146422
3 0.252763 0.547917 0.018864 0.105234
3 0.191890 0.545100 0.027170 0.131640
1 0.417429 0.589532 0.017304 0.163236
3 0.366450 0.558271 0.021457 0.121949
3 0.406748 0.557078 0.022393 0.118153
3 0.382088 0.522435 0.019047 0.096756
