1 0.353006 0.648626 0.054216 0.192400
1 0.613643 0.602652 0.039063 0.190595
1 0.556100 0.629642 0.051695 0.201249
1 0.253057 0.587545 0.039499 0.179303
2 0.109564 0.457597 0.049954 0.193192
1 0.444394 0.571108 0.037178 0.154427
1 0.507061 0.590128 0.025691 0.146842
3 0.208619 0.561913 0.030841 0.147392
3 0.326048 0.563193 0.023436 0.146128
3 0.322202 0.556630 0.024916 0.139412
3 0.310049 0.541441 0.020579 0.112960
3 0.184224 0.561069 0.029441 0.157513
3 0.394952 0.554413 0.024206 0.113507
3 0.314377 0.548651 0.025141 0.133641
