0 0.913947 0.202571 0.020647 0.040725
1 0.533569 0.643984 0.038384 0.227034
2 0.109108 0.456723 0.050503 0.192866
1 0.424076 0.637293 0.037164 0.173975
3 0.319152 0.538184 0.023684 0.113008
1 0.452916 0.570553 0.024055 0.127508
1 0.383599 0.577108 0.027262 0.145678
3 0.222331 0.547569 0.031759 0.108763
3 0.176504 0.553197 0.033848 0.119793
3 0.291416 0.560490 0.022920 0.121892
1 0.427158 0.544523 0.020348 0.096776
3 0.268588 0.555367 0.024480 0.130447
1 0.953772 0.641706 0.083076 0.216793
3 0.347436 0.519787 0.019756 0.094955
1 0.414490 0.554609 0.018715 0.116593
