1 0.377460 0.638400 0.038442 0.188950
1 0.494855 0.609645 0.024263 0.171792
1 0.642889 0.611870 0.032015 0.182126
1 0.416515 0.605568 0.028516 0.192629
2 0.109563 0.458236 0.049420 0.189492
1 0.467611 0.636038 0.046369 0.218651
1 0.528117 0.579744 0.026262 0.151675
3 0.210811 0.548172 0.025760 0.107186
3 0.257143 0.535863 0.025179 0.109746
3 0.345763 0.547768 0.021834 0.112268
3 0.241143 0.571821 0.025289 0.147990
3 0.154474 0.535564 0.025629 0.116040
3 0.354849 0.509281 0.019003 0.091017
3 0.371392 0.540394 0.021779 0.101691
