1 0.334802 0.634461 0.040386 0.224107
2 0.109151 0.455880 0.047098 0.193655
1 0.413590 0.630984 0.056900 0.192648
3 0.368471 0.541445 0.023910 0.122165
1 0.398273 0.577870 0.026151 0.143363
3 0.283367 0.557096 0.020763 0.133246
1 0.559568 0.578502 0.032116 0.153890
1 0.472496 0.613292 0.038118 0.151634
1 0.248603 0.584023 0.051475 0.179247
3 0.165704 0.547976 0.026035 0.125085
3 0.286680 0.555882 0.021490 0.148939
1 0.391518 0.578760 0.028342 0.145308
3 0.298177 0.559693 0.029219 0.147880
3 0.303693 0.559803 0.024745 0.155425
