2 0.106763 0.456029 0.046133 0.194064
1 0.411812 0.569317 0.027990 0.147209
3 0.315520 0.540732 0.023075 0.112171
1 0.390716 0.633804 0.033348 0.176710
1 0.448728 0.576299 0.022456 0.137447
1 0.342969 0.587404 0.031533 0.159677
3 0.295182 0.559986 0.021857 0.127298
1 0.574678 0.632907 0.032561 0.221836
3 0.277124 0.555851 0.023421 0.131713
3 0.208662 0.558907 0.026602 0.115908
3 0.155894 0.542480 0.025638 0.117154
1 0.677041 0.617394 0.042870 0.189139
1 0.405984 0.579453 0.023030 0.139898
1 0.569119 0.636680 0.032870 0.217914
