1 0.614049 0.621770 0.036998 0.190483
1 0.485468 0.639219 0.042476 0.224987
1 0.457669 0.608067 0.025770 0.169679
1 0.371776 0.623103 0.042551 0.209435
2 0.109513 0.455430 0.047303 0.193841
3 0.299669 0.571017 0.032853 0.151487
3 0.434457 0.559503 0.023092 0.124609
1 0.528434 0.578151 0.027498 0.155883
3 0.418255 0.552522 0.021019 0.111439
3 0.265378 0.547791 0.025488 0.106597
3 0.320356 0.535880 0.023866 0.108371
3 0.177631 0.538043 0.029577 0.122636
1 0.466175 0.608009 0.026135 0.171989
1 0.472732 0.614249 0.025595 0.191720
