1 0.454953 0.575754 0.024988 0.133914
2 0.109421 0.458250 0.048149 0.188300
1 0.414261 0.560000 0.029481 0.135508
1 0.695660 0.610377 0.035058 0.196177
1 0.598898 0.654840 0.035039 0.236346
1 0.397816 0.632329 0.034546 0.183442
3 0.333848 0.539025 0.025050 0.107299
1 0.364536 0.578323 0.032910 0.153085
3 0.268730 0.552911 0.030553 0.133789
3 0.171512 0.552319 0.025046 0.115870
3 0.304499 0.568354 0.028663 0.140232
1 0.419268 0.709313 0.073018 0.347897
1 0.414279 0.590754 0.027695 0.170597
1 0.413230 0.626697 0.029007 0.182439
