1 0.578373 0.638578 0.037212 0.221545
1 0.384603 0.608791 0.034778 0.168728
2 0.105283 0.451934 0.038566 0.193029
1 0.444255 0.580209 0.024470 0.136293
3 0.285627 0.559666 0.023735 0.113968
1 0.313557 0.590019 0.030982 0.159720
1 0.483372 0.580175 0.027758 0.153378
3 0.327845 0.539689 0.024733 0.115121
3 0.403316 0.556698 0.022695 0.129329
3 0.225346 0.565104 0.034835 0.149338
3 0.426804 0.543364 0.017742 0.112637
3 0.216803 0.561082 0.033219 0.142561
1 0.416342 0.573694 0.025864 0.148811
3 0.212030 0.553724 0.028638 0.132743
3 0.409013 0.567234 0.023108 0.146219
