1 0.417585 0.627313 0.042693 0.201601
1 0.592813 0.620452 0.032309 0.204976
2 0.109529 0.458659 0.049119 0.195225
3 0.246727 0.581912 0.028836 0.150445
1 0.544210 0.604388 0.025675 0.150981
3 0.271893 0.542082 0.029289 0.121447
1 0.301443 0.603571 0.066713 0.195418
3 0.340556 0.569146 0.023947 0.128540
1 0.506380 0.624855 0.031090 0.162478
3 0.428411 0.553809 0.029978 0.119080
0 0.316991 0.348044 0.019605 0.026717
1 0.360197 0.587397 0.028376 0.139407
3 0.353926 0.546686 0.019297 0.112604
3 0.345976 0.562776 0.024593 0.124338
1 0.513597 0.620725 0.027897 0.150069
