1 0.580155 0.614534 0.029326 0.189759
1 0.514331 0.633007 0.038513 0.179155
1 0.403651 0.624487 0.038776 0.195096
1 0.291255 0.604242 0.038827 0.191562
2 0.108497 0.457020 0.048975 0.194144
3 0.162282 0.580751 0.031136 0.132886
1 0.235276 0.593193 0.041923 0.160073
3 0.398459 0.559274 0.029417 0.130052
3 0.341729 0.572958 0.025888 0.145767
3 0.178719 0.526966 0.026402 0.114315
3 0.357639 0.533145 0.020809 0.103927
3 0.285802 0.535815 0.022129 0.088798
1 0.591417 0.596496 0.022301 0.165811
1 0.601663 0.592846 0.024943 0.163682
1 0.586445 0.600607 0.024393 0.166323
3 0.379172 0.518781 0.019037 0.095336
