1 0.322317 0.612642 0.035093 0.194394
1 0.547925 0.603497 0.027764 0.185058
1 0.380131 0.605903 0.032583 0.153474
1 0.604759 0.592295 0.026047 0.153416
2 0.110662 0.457938 0.049994 0.189494
3 0.429598 0.559503 0.020519 0.127710
1 0.566961 0.583553 0.023176 0.151463
1 0.472293 0.609089 0.028960 0.184243
3 0.335762 0.541992 0.022481 0.104255
3 0.302266 0.541809 0.022273 0.121931
3 0.156979 0.535249 0.023998 0.097090
1 0.555244 0.599070 0.023836 0.179722
3 0.446004 0.560270 0.021127 0.120848
1 0.559016 0.585596 0.027501 0.158300
