2 0.109513 0.456157 0.047722 0.191464
1 0.340839 0.579865 0.029564 0.155187
1 0.411198 0.631595 0.034545 0.180592
1 0.383705 0.574925 0.024861 0.154033
0 0.663730 0.460110 0.019024 0.042393
1 0.666511 0.621693 0.040485 0.258971
3 0.305891 0.544778 0.027587 0.120658
1 0.588211 0.590727 0.028827 0.164905
3 0.216307 0.563606 0.027017 0.120546
3 0.167533 0.568022 0.034342 0.134895
1 0.392509 0.575277 0.025068 0.148709
3 0.411400 0.531807 0.020299 0.092301
3 0.233957 0.551562 0.020673 0.113788
1 0.376229 0.567359 0.024332 0.159022
