1 0.563744 0.618931 0.038899 0.207501
1 0.279356 0.607228 0.038439 0.193769
1 0.448832 0.645644 0.038384 0.193205
1 0.489955 0.625818 0.033510 0.204958
2 0.107510 0.457642 0.046864 0.192396
3 0.228603 0.573703 0.034745 0.163092
3 0.342927 0.569456 0.025702 0.149150
1 0.624338 0.595566 0.028091 0.155667
3 0.441257 0.548961 0.022849 0.118510
3 0.138047 0.531953 0.024141 0.102943
1 0.617133 0.593004 0.031555 0.153367
3 0.237691 0.566209 0.032342 0.162037
1 0.605100 0.590803 0.027700 0.154940
3 0.241031 0.542786 0.027316 0.126076
