1 0.540703 0.621907 0.032788 0.200794
2 0.107566 0.456243 0.044364 0.193548
1 0.611976 0.589746 0.031412 0.161083
3 0.418809 0.561139 0.026941 0.117017
1 0.254371 0.619092 0.072982 0.192616
3 0.303025 0.546015 0.026475 0.127038
3 0.180365 0.572728 0.031512 0.132145
3 0.340575 0.560082 0.020831 0.132561
3 0.350874 0.544042 0.024770 0.119305
1 0.533096 0.627110 0.031213 0.196947
1 0.391242 0.636648 0.072027 0.176596
3 0.337145 0.573059 0.026355 0.141278
3 0.330005 0.576440 0.027425 0.137866
1 0.521647 0.631328 0.023226 0.179728
3 0.325584 0.578374 0.023123 0.143394
