1 0.480491 0.688249 0.036275 0.223952
1 0.453770 0.599311 0.025276 0.170901
1 0.445321 0.601563 0.030638 0.172854
1 0.370824 0.632618 0.040503 0.220687
2 0.106820 0.456759 0.054963 0.194956
1 0.494053 0.583439 0.026687 0.133465
3 0.407571 0.544196 0.020084 0.124154
1 0.848888 0.742250 0.145460 0.313250
3 0.317270 0.574740 0.024929 0.132053
3 0.203365 0.571996 0.025207 0.142018
3 0.243628 0.543734 0.026085 0.118243
3 0.173694 0.548947 0.025121 0.117246
0 0.977395 0.718480 0.028741 0.051221
3 0.386176 0.538527 0.021391 0.107737
1 0.473705 0.585605 0.018928 0.152557
1 0.865683 0.742726 0.099603 0.325826
