1 0.513341 0.642053 0.035610 0.225047
2 0.107891 0.450448 0.041953 0.183343
1 0.342552 0.580216 0.022186 0.176487
1 0.616294 0.620881 0.027854 0.170863
3 0.292839 0.558445 0.023339 0.128664
0 0.846376 0.727461 0.023172 0.045028
1 0.386714 0.580785 0.025628 0.151753
1 0.358692 0.581894 0.026752 0.165782
1 0.908821 0.650208 0.051017 0.228189
3 0.152980 0.554758 0.023797 0.119457
3 0.433237 0.554392 0.024516 0.116210
3 0.275630 0.540088 0.024026 0.118813
3 0.140090 0.548021 0.020458 0.125802
3 0.390648 0.545155 0.025434 0.124543
3 0.271473 0.538689 0.023382 0.122054
3 0.137122 0.541863 0.020591 0.121462
