3 0.333889 0.558855 0.023018 0.128764
1 0.509163 0.608357 0.032489 0.207271
2 0.109413 0.455699 0.047873 0.193939
1 0.565275 0.591544 0.033776 0.175304
1 0.348893 0.621900 0.038428 0.170079
1 0.291241 0.601439 0.029728 0.174366
1 0.435151 0.575083 0.026810 0.136711
3 0.412638 0.559739 0.022810 0.119955
3 0.182707 0.546585 0.023859 0.127302
3 0.317131 0.546696 0.020669 0.119493
0 0.479068 0.395988 0.018233 0.036001
3 0.335963 0.547198 0.019242 0.113530
3 0.160051 0.557722 0.024759 0.119492
1 0.366180 0.570556 0.022192 0.139371
3 0.280520 0.548855 0.021541 0.103329
