0 0.731714 0.781454 0.025434 0.045829
1 0.568243 0.661471 0.048948 0.213436
1 0.811557 0.724378 0.040541 0.315329
2 0.109169 0.456233 0.046232 0.191867
1 0.486178 0.576206 0.035592 0.151355
1 0.625656 0.588134 0.029277 0.166684
3 0.203267 0.547005 0.023696 0.121936
1 0.391030 0.577941 0.025811 0.142421
3 0.170675 0.564487 0.029546 0.141022
3 0.249293 0.565190 0.030337 0.126988
3 0.294399 0.541371 0.023982 0.115589
1 0.410417 0.543385 0.021448 0.116274
1 0.407416 0.554573 0.018881 0.127573
1 0.401174 0.567729 0.017911 0.145914
