2 0.110417 0.455392 0.052726 0.189404
1 0.477205 0.634831 0.042990 0.184344
1 0.834114 0.644162 0.038150 0.207847
1 0.422388 0.569612 0.030749 0.150760
1 0.352390 0.584589 0.028243 0.157150
3 0.278791 0.553689 0.024164 0.132248
1 0.448591 0.576320 0.023016 0.136843
1 0.636380 0.643407 0.052443 0.229243
3 0.305872 0.554024 0.029542 0.137465
3 0.184930 0.553245 0.025230 0.119030
1 0.427576 0.568535 0.021523 0.149704
1 0.409737 0.564127 0.020763 0.140139
3 0.116663 0.536954 0.024099 0.109702
0 0.763191 0.708224 0.019705 0.038987
