2 0.108875 0.456308 0.048842 0.193472
1 0.633050 0.621227 0.037131 0.205012
1 0.358023 0.596261 0.028469 0.178675
1 0.386890 0.643264 0.061328 0.206242
3 0.282083 0.541830 0.023124 0.121264
1 0.519317 0.614627 0.030744 0.183988
1 0.542431 0.601329 0.023841 0.152739
3 0.265484 0.576448 0.026640 0.149679
3 0.413254 0.564112 0.030253 0.135148
3 0.148098 0.547122 0.026442 0.119810
1 0.533266 0.609904 0.019651 0.170637
3 0.344463 0.575581 0.022953 0.138235
1 0.363697 0.582804 0.026022 0.181440
1 0.346173 0.574712 0.026469 0.141134
3 0.366669 0.552559 0.019141 0.120107
