1 0.356959 0.613468 0.032572 0.162001
2 0.109143 0.457215 0.049182 0.186571
1 0.407711 0.571331 0.031153 0.155769
1 0.598146 0.624853 0.037146 0.221348
3 0.318383 0.568755 0.024786 0.144701
1 0.722705 0.739940 0.058219 0.315325
3 0.201419 0.545594 0.029269 0.122530
3 0.248682 0.554664 0.028267 0.135247
3 0.298565 0.543850 0.020604 0.111487
1 0.350022 0.597206 0.031282 0.194377
1 0.607070 0.625301 0.035756 0.221757
1 0.343357 0.573232 0.022827 0.149871
3 0.352924 0.513826 0.018668 0.093013
1 0.611561 0.603921 0.029649 0.170633
1 0.360470 0.596092 0.031757 0.170423
3 0.345123 0.555597 0.022712 0.136720
3 0.308906 0.558046 0.020523 0.131110
