1 0.557036 0.623083 0.026774 0.189073
1 0.402818 0.573519 0.025029 0.137956
1 0.377464 0.587549 0.029293 0.184487
1 0.531778 0.651295 0.032207 0.235670
2 0.108409 0.458880 0.045858 0.184683
3 0.437828 0.556825 0.024562 0.112675
1 0.593571 0.593409 0.032814 0.159919
3 0.164287 0.566858 0.032898 0.134024
1 0.663045 0.616530 0.028541 0.163141
3 0.138507 0.542316 0.023519 0.125943
3 0.317771 0.563505 0.026784 0.143654
1 0.540337 0.645477 0.026579 0.231947
1 0.542132 0.626723 0.017901 0.185404
3 0.328897 0.556276 0.019363 0.139932
