1 0.558771 0.614478 0.029473 0.189416
1 0.371931 0.623135 0.035159 0.208665
2 0.109799 0.458751 0.052579 0.189651
1 0.484727 0.615260 0.036949 0.160789
1 0.447278 0.631013 0.041157 0.226248
3 0.270736 0.549385 0.022614 0.108674
3 0.206984 0.545571 0.027072 0.131514
3 0.251984 0.571806 0.026814 0.148273
3 0.406879 0.552247 0.020262 0.108914
1 0.563573 0.609025 0.031651 0.187148
3 0.355776 0.537054 0.024565 0.103747
3 0.425251 0.543358 0.020013 0.111246
1 0.476470 0.607204 0.031082 0.157023
1 0.569266 0.575121 0.023421 0.142288
