1 0.627367 0.596220 0.028588 0.176835
1 0.395230 0.633232 0.037159 0.205592
1 0.288284 0.610246 0.048307 0.204328
2 0.108979 0.455917 0.047226 0.193367
3 0.339039 0.570342 0.025182 0.147684
1 0.523477 0.620891 0.036691 0.170535
1 0.561806 0.600268 0.026811 0.172761
3 0.198541 0.578695 0.031309 0.139697
3 0.165975 0.539525 0.027230 0.121289
3 0.369268 0.539821 0.023431 0.118933
3 0.396134 0.545344 0.027529 0.105290
3 0.353440 0.509578 0.017714 0.089930
1 0.414251 0.569671 0.022921 0.132131
1 0.402009 0.629718 0.029673 0.202983
