1 0.416419 0.638214 0.050098 0.179056
3 0.227556 0.577059 0.032956 0.156140
3 0.343850 0.567725 0.024928 0.136593
1 0.600027 0.601766 0.033907 0.190678
1 0.320790 0.611709 0.033389 0.180129
2 0.109998 0.455893 0.047598 0.192174
1 0.498378 0.623511 0.032674 0.177202
1 0.452564 0.580927 0.028119 0.124543
3 0.258887 0.549097 0.026903 0.128415
1 0.665751 0.588805 0.041202 0.169628
3 0.168640 0.552678 0.024503 0.104156
3 0.362467 0.547990 0.020280 0.119014
3 0.416793 0.542129 0.026535 0.096008
3 0.460934 0.533322 0.022321 0.111770
0 0.444246 0.355452 0.017873 0.032221
3 0.489613 0.544181 0.024360 0.103373
