1 0.418666 0.646101 0.036998 0.197187
1 0.572433 0.600174 0.033736 0.189279
3 0.213172 0.574987 0.037353 0.180799
1 0.500830 0.621666 0.042086 0.205037
1 0.299327 0.609257 0.042961 0.199542
3 0.340184 0.540023 0.020847 0.103205
3 0.456634 0.558797 0.025745 0.131213
2 0.103935 0.455376 0.033859 0.186730
3 0.221172 0.538328 0.025705 0.110784
1 0.579654 0.595697 0.024459 0.173871
1 0.616003 0.588697 0.025197 0.143777
1 0.598320 0.586765 0.023729 0.149684
1 0.608461 0.586633 0.023700 0.148088
3 0.372747 0.567757 0.026434 0.140834
