1 0.495456 0.599247 0.031031 0.181824
2 0.108110 0.455177 0.046898 0.195139
1 0.399755 0.668931 0.040343 0.213984
1 0.858438 0.736421 0.051198 0.337783
3 0.254354 0.542583 0.025976 0.123766
1 0.314530 0.584397 0.029817 0.160410
1 0.468922 0.590147 0.025755 0.161274
1 0.308749 0.584217 0.027079 0.160049
1 0.440940 0.598978 0.026946 0.162391
3 0.189356 0.565426 0.029942 0.143265
3 0.172122 0.549402 0.024000 0.118033
3 0.403261 0.543312 0.024699 0.116689
3 0.414392 0.545102 0.019206 0.119571
1 0.482533 0.595097 0.020537 0.176142
1 0.866579 0.740389 0.073687 0.348500
3 0.408936 0.544830 0.024691 0.116538
