1 0.468194 0.591033 0.029719 0.173360
2 0.109287 0.455331 0.047833 0.193312
3 0.327278 0.542090 0.020836 0.117720
3 0.381206 0.560698 0.021380 0.127981
1 0.402321 0.599336 0.031803 0.186237
1 0.572818 0.604647 0.033571 0.179555
3 0.282201 0.557050 0.025005 0.118283
3 0.213902 0.552594 0.033012 0.135109
1 0.441404 0.609432 0.026073 0.157662
1 0.356499 0.589093 0.035345 0.180633
3 0.344659 0.568683 0.023908 0.144154
1 0.433215 0.603831 0.024759 0.169589
1 0.425445 0.590417 0.021618 0.159163
3 0.366691 0.523124 0.019362 0.102181
