2 0.107393 0.454949 0.045665 0.195184
1 0.421096 0.654749 0.053291 0.196647
1 0.354475 0.577299 0.029305 0.158554
1 0.461809 0.575877 0.022822 0.140680
3 0.158936 0.565362 0.026696 0.133363
3 0.281018 0.554126 0.024652 0.134681
3 0.141924 0.543001 0.022969 0.115808
3 0.311976 0.557470 0.025828 0.130735
1 0.435480 0.551942 0.022214 0.115212
3 0.315932 0.548051 0.023904 0.126001
3 0.417466 0.548131 0.022070 0.110524
3 0.327207 0.535030 0.019211 0.115065
1 0.608628 0.648251 0.067066 0.193220
1 0.619771 0.653415 0.048704 0.182127
