1 0.410480 0.616552 0.036279 0.167526
2 0.109919 0.457180 0.050162 0.192967
1 0.233142 0.625197 0.041251 0.183575
1 0.461733 0.588108 0.041258 0.145487
1 0.619260 0.601431 0.028345 0.166952
1 0.280420 0.668613 0.050036 0.265365
3 0.332649 0.541221 0.024782 0.107761
3 0.157407 0.557186 0.032098 0.121699
3 0.265539 0.545992 0.022586 0.114632
0 0.390433 0.321278 0.018119 0.033551
3 0.269013 0.551225 0.027350 0.124842
3 0.277922 0.554203 0.019559 0.119598
3 0.298374 0.557673 0.022502 0.113223
3 0.382422 0.563572 0.019617 0.124555
1 0.397141 0.564149 0.025890 0.128917
