0 0.592576 0.387630 0.023015 0.035773
1 0.567130 0.640066 0.035736 0.211428
2 0.109284 0.455721 0.047378 0.193634
1 0.491891 0.663963 0.040682 0.250499
1 0.785001 0.640557 0.034374 0.183671
1 0.371129 0.574012 0.026751 0.160847
1 0.421417 0.568282 0.028929 0.154582
3 0.307035 0.553938 0.025974 0.129911
3 0.198768 0.574775 0.036448 0.144039
3 0.331556 0.572357 0.027652 0.124391
1 0.393087 0.579537 0.026910 0.143977
3 0.175641 0.547674 0.029829 0.130357
1 0.375696 0.576144 0.024612 0.156472
3 0.331296 0.541336 0.022759 0.098183
