2 0.108641 0.456160 0.047282 0.194462
1 0.615383 0.592742 0.027345 0.169294
1 0.307998 0.609380 0.031991 0.197027
1 0.421538 0.629699 0.045472 0.199601
3 0.327156 0.569644 0.023167 0.142728
1 0.526050 0.631546 0.037867 0.159375
3 0.407264 0.560447 0.025599 0.129078
3 0.184431 0.586091 0.028838 0.136984
1 0.572612 0.632093 0.032131 0.151316
3 0.281259 0.548791 0.021595 0.118643
3 0.378860 0.547329 0.022700 0.123670
3 0.407983 0.543690 0.021505 0.106913
3 0.176149 0.526341 0.028363 0.107281
1 0.388781 0.576609 0.025338 0.132934
3 0.390056 0.577209 0.021145 0.128567
3 0.382433 0.565966 0.023401 0.149438
