1 0.519606 0.634624 0.036521 0.212528
1 0.386339 0.625247 0.037004 0.180833
2 0.107733 0.458395 0.050601 0.191742
3 0.422402 0.562521 0.023646 0.114775
1 0.352574 0.580490 0.029650 0.150533
3 0.138828 0.538400 0.022133 0.111894
3 0.331071 0.544939 0.024234 0.117449
1 0.446054 0.578800 0.027075 0.143568
3 0.280624 0.550290 0.020699 0.124816
3 0.159197 0.563014 0.025621 0.135648
3 0.295947 0.555889 0.022884 0.127439
3 0.425764 0.560522 0.022517 0.124928
3 0.420182 0.543736 0.024748 0.131807
3 0.286390 0.550404 0.025586 0.130037
