2 0.109041 0.459553 0.051801 0.187726
1 0.757463 0.587599 0.023772 0.147558
3 0.438519 0.534033 0.016874 0.104346
1 0.692188 0.584984 0.019324 0.138459
1 0.724669 0.586387 0.023048 0.155559
1 0.684036 0.584225 0.020543 0.133114
3 0.454228 0.537401 0.017572 0.102317
1 0.705898 0.584764 0.019774 0.142814
1 0.741175 0.583540 0.016896 0.142642
3 0.469850 0.542866 0.018405 0.091878
3 0.461316 0.542244 0.017334 0.099747
1 0.714103 0.583011 0.015722 0.146901
1 0.696055 0.583496 0.020319 0.140824
1 0.735504 0.584230 0.017266 0.154262
