1 0.609594 0.610004 0.035135 0.183174
1 0.400820 0.623975 0.046703 0.193759
2 0.104360 0.456114 0.038141 0.191542
1 0.532683 0.607907 0.037946 0.162531
3 0.292412 0.536813 0.020579 0.108636
1 0.477806 0.623440 0.031894 0.211371
3 0.361317 0.569170 0.028321 0.141455
3 0.254221 0.549673 0.026326 0.107798
1 0.496107 0.610498 0.026015 0.180794
3 0.313598 0.571126 0.026653 0.146934
3 0.421312 0.552542 0.023585 0.120397
3 0.139674 0.527138 0.025651 0.118654
1 0.589368 0.584322 0.027192 0.165263
1 0.598271 0.603915 0.031256 0.186377
1 0.473189 0.631851 0.030102 0.200777
