1 0.497868 0.632799 0.035729 0.175991
1 0.386258 0.629101 0.038856 0.192661
1 0.282275 0.610950 0.060685 0.191983
2 0.107936 0.456575 0.047588 0.194307
1 0.555304 0.606608 0.028954 0.169169
3 0.156951 0.571593 0.030136 0.130688
1 0.588186 0.589545 0.028286 0.162788
3 0.333985 0.567967 0.027864 0.142584
3 0.400839 0.543403 0.023668 0.112823
3 0.350483 0.537014 0.018452 0.097614
3 0.281528 0.529518 0.021937 0.082513
3 0.345939 0.555105 0.019761 0.131967
3 0.400470 0.558122 0.026507 0.147571
1 0.372817 0.568938 0.024148 0.136146
