2 0.109091 0.457112 0.047139 0.193017
1 0.628977 0.604714 0.026238 0.182771
1 0.476171 0.610796 0.033939 0.182375
3 0.164316 0.561994 0.049570 0.131048
1 0.261837 0.587226 0.048424 0.174331
1 0.391875 0.573336 0.028854 0.151974
3 0.429623 0.547892 0.019637 0.111658
1 0.538794 0.604419 0.028266 0.150413
1 0.404824 0.571355 0.020337 0.143187
3 0.278205 0.578997 0.026197 0.149917
3 0.445097 0.561734 0.026715 0.124927
3 0.275285 0.525857 0.028073 0.082738
3 0.433065 0.555351 0.019183 0.121638
3 0.277843 0.553766 0.027405 0.113634
3 0.440441 0.556950 0.029691 0.126287
