2 0.109596 0.456990 0.048010 0.190591
1 0.692744 0.575070 0.022106 0.150715
3 0.439947 0.533754 0.017444 0.108240
1 0.756866 0.584916 0.023774 0.151466
3 0.455184 0.537179 0.017776 0.104410
1 0.734583 0.583847 0.024066 0.148981
1 0.712302 0.587303 0.017679 0.139945
1 0.717690 0.588508 0.017633 0.140982
1 0.708949 0.588005 0.020696 0.142644
3 0.471389 0.542067 0.018118 0.091311
1 0.677118 0.585970 0.018844 0.131563
1 0.740934 0.585594 0.019933 0.146599
3 0.460326 0.539738 0.017357 0.102754
1 0.695376 0.585641 0.020984 0.144195
3 0.426970 0.534827 0.019872 0.104910
3 0.423767 0.536264 0.017511 0.103826
