1 0.567140 0.526376 0.025256 0.166914
1 0.348375 0.539798 0.032061 0.153301
1 0.406476 0.611158 0.041231 0.247141
1 0.514192 0.518670 0.025911 0.152094
3 0.595548 0.484280 0.018481 0.083922
2 0.351487 0.387403 0.030283 0.138169
1 0.263371 0.558418 0.042702 0.204917
1 0.607763 0.536100 0.031959 0.152719
3 0.678297 0.506224 0.021324 0.090423
3 0.650408 0.497269 0.033940 0.106352
3 0.547157 0.512227 0.020662 0.140957
1 0.553564 0.524087 0.020546 0.166303
3 0.656099 0.499553 0.026535 0.105458
3 0.763302 0.527069 0.023441 0.126855
