1 0.162570 0.525914 0.042139 0.191777
3 0.579212 0.484920 0.019914 0.103000
1 0.376189 0.548638 0.040022 0.173749
2 0.352152 0.390871 0.029529 0.129891
1 0.206951 0.572033 0.040732 0.222312
1 0.472900 0.517481 0.031105 0.155294
3 0.564371 0.501221 0.019636 0.129186
3 0.507108 0.500756 0.025468 0.132469
3 0.618573 0.491679 0.028737 0.120405
1 0.541486 0.518723 0.026609 0.158064
1 0.602845 0.547231 0.027869 0.146056
3 0.709494 0.520179 0.020693 0.150902
3 0.713861 0.523269 0.025253 0.154649
3 0.706770 0.500782 0.020417 0.115091
3 0.719703 0.529596 0.026907 0.146581
