1 0.662418 0.578715 0.041673 0.179979
1 0.700940 0.531414 0.030418 0.166012
1 0.364245 0.541161 0.048153 0.170044
2 0.469800 0.392483 0.032636 0.141963
1 0.445734 0.593695 0.052421 0.215326
1 0.129024 0.633888 0.051110 0.310356
3 0.757156 0.513059 0.028515 0.100829
3 0.636238 0.502337 0.026010 0.134450
3 0.861142 0.539428 0.029057 0.140663
1 0.602881 0.514899 0.028545 0.153631
3 0.644386 0.496221 0.024960 0.125520
3 0.869077 0.528839 0.022663 0.134781
3 0.651914 0.488076 0.018763 0.110392
3 0.872547 0.493249 0.021225 0.089737
