1 0.307352 0.566279 0.041699 0.207218
1 0.450842 0.556821 0.039211 0.189735
1 0.530328 0.529043 0.029523 0.172086
2 0.351459 0.387078 0.030149 0.137849
1 0.495021 0.538890 0.028155 0.157797
3 0.691679 0.504243 0.030662 0.129916
1 0.257062 0.538528 0.037931 0.146525
3 0.579143 0.494375 0.021206 0.109053
3 0.601943 0.516189 0.022963 0.120390
3 0.420367 0.496267 0.029050 0.124669
1 0.355868 0.497125 0.027275 0.133573
3 0.711604 0.517584 0.023881 0.130401
3 0.520214 0.486145 0.021127 0.097576
3 0.583958 0.503310 0.018047 0.118704
