1 0.431890 0.555065 0.038949 0.202680
1 0.337980 0.545345 0.034534 0.195645
2 0.351100 0.386709 0.030843 0.137724
1 0.370602 0.528347 0.035591 0.149314
1 0.657937 0.550075 0.031244 0.151720
3 0.556858 0.494718 0.023663 0.113612
1 0.493764 0.514576 0.032953 0.152775
3 0.717970 0.530925 0.033390 0.109250
3 0.635200 0.499059 0.021548 0.119976
3 0.618516 0.526196 0.026425 0.146960
3 0.678170 0.490670 0.027198 0.151401
1 0.347556 0.535644 0.020746 0.170465
3 0.453755 0.497108 0.026060 0.129948
3 0.616264 0.516923 0.021562 0.125776
1 0.358126 0.528451 0.029502 0.155433
1 0.350720 0.520847 0.019989 0.139703
3 0.633132 0.518150 0.023688 0.156467
