1 0.618695 0.580210 0.041290 0.213917
1 0.478035 0.553754 0.043175 0.199982
1 0.756260 0.571213 0.038127 0.154736
2 0.466486 0.388233 0.031720 0.136663
3 0.789457 0.515503 0.027376 0.121519
3 0.680711 0.494416 0.027382 0.122059
1 0.507871 0.542710 0.028444 0.147310
3 0.729298 0.516619 0.022008 0.142830
3 0.883153 0.525402 0.026167 0.132971
3 0.710487 0.522051 0.020677 0.143159
3 0.715863 0.520137 0.018821 0.141494
1 0.436761 0.523426 0.049134 0.133739
3 0.720643 0.519316 0.020054 0.139817
1 0.694428 0.533138 0.029801 0.164573
3 0.613687 0.492064 0.024136 0.102515
