1 0.721500 0.566809 0.040302 0.202315
1 0.432422 0.548399 0.034776 0.196537
1 0.377377 0.523973 0.035083 0.174378
3 0.655843 0.520761 0.036750 0.143246
2 0.469934 0.393258 0.030771 0.135620
1 0.518592 0.544227 0.031100 0.157051
1 0.550423 0.577178 0.041286 0.201412
3 0.856240 0.503402 0.023840 0.123339
1 0.571232 0.545258 0.023748 0.160590
3 0.869677 0.529806 0.024144 0.130384
1 0.573629 0.530553 0.024557 0.195355
3 0.751642 0.508052 0.019987 0.108015
3 0.860565 0.516214 0.025007 0.140312
1 0.576445 0.513002 0.022983 0.163169
3 0.865044 0.521112 0.028068 0.142150
1 0.559430 0.571418 0.033819 0.214936
