1 0.442984 0.566057 0.036595 0.198608
2 0.350608 0.387452 0.031352 0.138948
3 0.569443 0.508660 0.026269 0.134799
1 0.388589 0.551461 0.041344 0.181690
1 0.557786 0.568171 0.032959 0.164426
1 0.315646 0.535634 0.054405 0.173412
3 0.677734 0.492977 0.026950 0.128560
3 0.474507 0.498641 0.027451 0.123426
1 0.544691 0.528717 0.028414 0.142410
1 0.540824 0.525632 0.025301 0.130821
3 0.644304 0.527748 0.031765 0.157399
3 0.764916 0.512754 0.025212 0.116053
1 0.303660 0.523303 0.030825 0.174751
1 0.296622 0.506069 0.028202 0.157101
0 0.478451 0.259612 0.017542 0.028391
3 0.563865 0.506799 0.024391 0.135536
