1 0.530272 0.556564 0.025581 0.162437
1 0.285946 0.549010 0.035135 0.201800
1 0.515773 0.549988 0.021442 0.168526
1 0.253985 0.516429 0.030762 0.170359
2 0.351144 0.385503 0.031175 0.135224
1 0.493675 0.514874 0.027060 0.151035
3 0.655450 0.501719 0.025491 0.116036
3 0.775862 0.514621 0.022010 0.110856
3 0.553517 0.515210 0.024696 0.142667
3 0.582869 0.496145 0.031086 0.109507
1 0.520763 0.551077 0.026720 0.166894
1 0.512214 0.543698 0.023300 0.166869
1 0.487992 0.514629 0.028726 0.148824
1 0.368685 0.501895 0.030999 0.142886
