1 0.606581 0.559968 0.037647 0.180680
1 0.453354 0.550128 0.023493 0.183275
1 0.444235 0.547269 0.023980 0.171525
2 0.469897 0.391262 0.032701 0.138356
1 0.632414 0.530771 0.022031 0.144350
1 0.653909 0.531676 0.025570 0.137906
3 0.733137 0.539316 0.028646 0.144203
3 0.679493 0.494545 0.027901 0.108502
3 0.564218 0.501307 0.027239 0.130883
3 0.863507 0.535236 0.053222 0.111959
1 0.440469 0.539225 0.022977 0.158031
3 0.869375 0.536737 0.039032 0.105662
1 0.449134 0.549261 0.025787 0.177735
3 0.789076 0.550615 0.022797 0.142569
1 0.436237 0.535902 0.020383 0.146266
1 0.770392 0.541445 0.028007 0.173970
3 0.737912 0.539414 0.033310 0.153744
