3 0.608751 0.484944 0.023330 0.120435
1 0.478342 0.510661 0.028866 0.153494
2 0.351423 0.386587 0.029871 0.140109
3 0.715523 0.519908 0.027211 0.138386
1 0.242606 0.646170 0.058507 0.247630
3 0.739968 0.502461 0.023165 0.113275
1 0.174102 0.562274 0.038337 0.215662
1 0.581454 0.529081 0.032501 0.156706
1 0.518204 0.517340 0.027405 0.159856
3 0.567039 0.482582 0.018679 0.089079
3 0.569450 0.474824 0.020444 0.079918
3 0.531798 0.477854 0.021957 0.108973
1 0.234212 0.533022 0.033024 0.133803
3 0.590505 0.520212 0.020847 0.140758
