1 0.337077 0.549207 0.035024 0.166904
1 0.519166 0.560186 0.034055 0.188084
1 0.281907 0.550252 0.038845 0.195102
1 0.200795 0.553323 0.040987 0.211659
2 0.351315 0.383967 0.031155 0.133590
3 0.489088 0.503703 0.029136 0.135392
3 0.658358 0.500768 0.023871 0.117825
1 0.614812 0.569794 0.026670 0.173181
3 0.568292 0.491344 0.024848 0.107485
3 0.692180 0.507848 0.020875 0.129634
1 0.369009 0.503419 0.029846 0.151140
3 0.675163 0.502067 0.018773 0.119296
0 0.552638 0.812275 0.024949 0.050032
1 0.609475 0.575168 0.036938 0.186676
3 0.606746 0.501981 0.025898 0.119373
3 0.671009 0.499991 0.018762 0.121429
