1 0.544123 0.519217 0.030243 0.164444
1 0.604887 0.555402 0.034535 0.153316
2 0.350732 0.387288 0.031320 0.139843
1 0.486192 0.518517 0.031392 0.151814
1 0.327743 0.528462 0.028982 0.145752
3 0.642361 0.514775 0.022552 0.118464
3 0.507822 0.485179 0.021587 0.117363
3 0.574346 0.485851 0.021821 0.099734
1 0.248659 0.570575 0.053009 0.217207
3 0.705708 0.526065 0.031053 0.089500
3 0.670725 0.501011 0.030418 0.116274
1 0.091957 0.675763 0.092536 0.337384
3 0.659774 0.504456 0.020950 0.107151
3 0.655571 0.504934 0.018556 0.112137
3 0.474230 0.497180 0.022238 0.128149
