1 0.979754 0.611664 0.040177 0.250422
3 0.913145 0.515973 0.027760 0.117495
3 0.781825 0.480115 0.020115 0.107916
1 0.856355 0.606859 0.039898 0.218533
1 0.813038 0.616386 0.044920 0.227297
2 0.469707 0.386984 0.028485 0.132125
1 0.712753 0.606788 0.040756 0.191524
3 0.646356 0.483357 0.023631 0.119566
1 0.758411 0.593808 0.049302 0.208120
1 0.688765 0.565920 0.030007 0.200679
3 0.675135 0.474817 0.019115 0.096683
0 0.937349 0.685112 0.025140 0.036474
3 0.829511 0.487410 0.022538 0.108786
3 0.755231 0.480078 0.023203 0.091907
