3 0.589641 0.486985 0.019351 0.103503
1 0.557050 0.524552 0.030880 0.164079
2 0.350159 0.386060 0.032177 0.138875
1 0.506437 0.517331 0.029468 0.148243
3 0.608174 0.515998 0.025266 0.111122
3 0.718095 0.506952 0.025588 0.117601
1 0.268527 0.573614 0.045666 0.233348
1 0.571599 0.529546 0.021185 0.163248
3 0.752545 0.528604 0.032171 0.125002
0 0.316026 0.143365 0.024664 0.065511
1 0.581183 0.537455 0.021372 0.149648
1 0.216528 0.734130 0.074169 0.366256
1 0.565324 0.527992 0.030300 0.164722
3 0.573628 0.482466 0.015555 0.102649
3 0.590671 0.506707 0.020698 0.116960
3 0.588504 0.468701 0.020864 0.085831
