1 0.649927 0.572311 0.032829 0.188687
1 0.684723 0.574616 0.032828 0.212968
3 0.750652 0.530246 0.028495 0.130977
1 0.619842 0.594624 0.042577 0.212781
2 0.351415 0.387632 0.031352 0.137743
1 0.459217 0.581995 0.049646 0.215263
3 0.716289 0.511387 0.020732 0.132963
3 0.706830 0.509829 0.023610 0.132198
1 0.607755 0.595321 0.045592 0.211219
3 0.724596 0.509992 0.021155 0.134237
1 0.503484 0.668898 0.058892 0.301982
3 0.728679 0.508416 0.023528 0.139229
1 0.813033 0.619626 0.029660 0.187766
3 0.805411 0.499612 0.020523 0.124203
1 0.599603 0.595868 0.038293 0.207759
1 0.764044 0.628933 0.028712 0.191987
