1 0.454938 0.556062 0.036774 0.172656
1 0.682766 0.537823 0.029624 0.148480
3 0.843796 0.525343 0.022431 0.152085
1 0.319677 0.523180 0.029348 0.173885
3 0.714666 0.507847 0.026338 0.133737
2 0.469649 0.392110 0.032319 0.136399
1 0.630493 0.521390 0.025166 0.148954
3 0.860172 0.538838 0.022730 0.131612
1 0.648697 0.521484 0.024835 0.157780
3 0.749878 0.492980 0.033486 0.108119
1 0.291843 0.773391 0.088176 0.436731
3 0.692617 0.471665 0.019892 0.076198
3 0.839100 0.517739 0.025264 0.147177
3 0.832162 0.511669 0.020334 0.137297
0 0.332490 0.688665 0.029271 0.057675
