1 0.576070 0.559158 0.051201 0.207831
1 0.659934 0.571716 0.048149 0.212541
1 0.433890 0.566749 0.031763 0.167920
1 0.456694 0.511670 0.026027 0.153772
1 0.387812 0.533885 0.031625 0.177090
3 0.680786 0.507837 0.021427 0.130107
3 0.881930 0.513801 0.027436 0.133175
1 0.693988 0.538876 0.023852 0.153024
3 0.787530 0.509959 0.025869 0.118248
2 0.467205 0.389039 0.029513 0.132145
3 0.832207 0.532726 0.029342 0.152873
3 0.604736 0.497426 0.020954 0.120394
3 0.824578 0.471411 0.023071 0.097874
3 0.683037 0.525035 0.019380 0.167284
