1 0.559774 0.522254 0.034190 0.165587
1 0.272376 0.550615 0.041555 0.203018
1 0.470982 0.515324 0.032937 0.150088
1 0.218317 0.543312 0.032403 0.172436
2 0.350713 0.387710 0.031003 0.136548
1 0.587055 0.539477 0.026453 0.154038
3 0.610202 0.503954 0.021313 0.130147
3 0.749376 0.525331 0.025854 0.123538
3 0.511110 0.491191 0.022743 0.110569
1 0.043316 0.683475 0.084824 0.342555
3 0.591551 0.487542 0.016229 0.110432
3 0.746932 0.510741 0.027767 0.141896
3 0.591478 0.512226 0.019699 0.152069
3 0.745493 0.483124 0.025233 0.088558
