1 0.586221 0.566593 0.035011 0.202606
1 0.661721 0.571963 0.046317 0.213319
1 0.534348 0.514025 0.035975 0.162326
1 0.471964 0.563532 0.033177 0.179914
1 0.355323 0.540316 0.028754 0.177234
2 0.467192 0.391693 0.030639 0.132774
3 0.871185 0.519255 0.029833 0.121933
3 0.814151 0.525456 0.030012 0.150779
3 0.792446 0.484606 0.018201 0.102707
3 0.777768 0.507642 0.022090 0.117704
3 0.684744 0.517213 0.026085 0.144042
3 0.612677 0.498656 0.022241 0.118982
1 0.661590 0.570965 0.031647 0.207949
3 0.785993 0.501855 0.018382 0.124942
3 0.782255 0.503232 0.022959 0.127331
