0 0.441022 0.754829 0.026640 0.053931
1 0.563168 0.522931 0.028001 0.154412
1 0.368473 0.669670 0.065519 0.314110
3 0.670729 0.488081 0.021796 0.102557
2 0.469549 0.391153 0.034220 0.136657
1 0.524469 0.583613 0.042954 0.192005
1 0.621862 0.530447 0.028752 0.144840
3 0.850535 0.523261 0.027715 0.144465
3 0.877005 0.542081 0.028020 0.144443
3 0.792496 0.502421 0.033864 0.128196
3 0.714678 0.508469 0.029871 0.131096
1 0.347978 0.540076 0.035694 0.188561
1 0.600486 0.515930 0.024528 0.157359
3 0.732952 0.481070 0.018195 0.102246
