1 0.546978 0.526524 0.027388 0.167322
1 0.480120 0.518949 0.025199 0.151390
1 0.239600 0.575252 0.035821 0.226004
3 0.607242 0.508197 0.022035 0.115925
3 0.668105 0.497891 0.029012 0.118241
2 0.345962 0.389459 0.041918 0.137037
3 0.754449 0.526695 0.031259 0.124765
3 0.578774 0.493546 0.023862 0.104955
1 0.343911 0.688196 0.052393 0.301929
0 0.365658 0.052993 0.023530 0.050939
1 0.257659 0.541148 0.025794 0.167056
1 0.590306 0.544699 0.029753 0.147934
3 0.743023 0.498457 0.022663 0.114528
3 0.575388 0.497396 0.019702 0.117620
3 0.745956 0.509020 0.028598 0.131193
3 0.584157 0.521775 0.026517 0.146518
