1 0.456670 0.578826 0.039069 0.207103
1 0.561589 0.523340 0.032132 0.162368
3 0.602747 0.491968 0.020794 0.101550
1 0.631310 0.541187 0.024974 0.155048
1 0.290715 0.532084 0.029901 0.160077
1 0.494492 0.515675 0.025790 0.147655
1 0.224329 0.575971 0.046338 0.235728
2 0.350873 0.386678 0.031303 0.138889
3 0.729189 0.524212 0.034437 0.142256
3 0.646595 0.505473 0.021433 0.134813
3 0.723751 0.528167 0.027720 0.132372
3 0.544191 0.508481 0.019486 0.137358
1 0.646407 0.512699 0.022634 0.132445
3 0.733851 0.508853 0.032463 0.125720
