1 0.433251 0.561262 0.037804 0.213113
1 0.620698 0.519232 0.027407 0.148881
1 0.543343 0.558353 0.034541 0.196147
1 0.761961 0.540815 0.030815 0.171064
3 0.788238 0.505800 0.021876 0.120152
1 0.490079 0.653079 0.046469 0.254125
3 0.820623 0.528438 0.028940 0.145613
2 0.471140 0.391907 0.030039 0.132565
3 0.683083 0.519211 0.029704 0.147909
3 0.715704 0.478339 0.024593 0.109449
3 0.899128 0.513698 0.026081 0.122039
1 0.481727 0.539545 0.031447 0.136568
1 0.627509 0.512597 0.025206 0.138349
1 0.486498 0.552816 0.041639 0.168751
