1 0.477850 0.515730 0.035376 0.148058
1 0.515961 0.520677 0.026926 0.163594
3 0.619271 0.508373 0.028918 0.111334
1 0.377897 0.536310 0.026968 0.151824
3 0.740296 0.510436 0.029548 0.132047
1 0.531181 0.507331 0.019947 0.138049
1 0.562675 0.534184 0.027261 0.141389
1 0.400755 0.597027 0.043586 0.237356
1 0.297335 0.534272 0.036281 0.190787
3 0.684626 0.505095 0.024784 0.138408
3 0.639193 0.532194 0.035000 0.141161
2 0.351041 0.386253 0.027750 0.138950
2 0.343566 0.389130 0.042717 0.138191
3 0.633580 0.527930 0.025579 0.148260
