1 0.535624 0.546025 0.030220 0.183328
1 0.653275 0.528650 0.026909 0.148639
1 0.577514 0.602607 0.042909 0.200928
1 0.435255 0.573484 0.034278 0.208345
3 0.828690 0.518103 0.028159 0.140214
1 0.350369 0.542421 0.036440 0.195266
2 0.470645 0.393715 0.030514 0.134824
3 0.688132 0.504826 0.018837 0.118820
3 0.855316 0.543780 0.031821 0.140421
3 0.671301 0.496272 0.020859 0.111308
1 0.551869 0.508733 0.026136 0.144110
3 0.717907 0.513055 0.021772 0.137998
3 0.684278 0.501788 0.023869 0.119539
3 0.705355 0.513781 0.019718 0.134212
3 0.721315 0.509124 0.019235 0.133760
