1 0.255799 0.555711 0.034184 0.180549
1 0.022104 0.561039 0.043702 0.220058
1 0.398318 0.545135 0.031256 0.181189
2 0.351592 0.387812 0.030741 0.139916
1 0.211584 0.566116 0.044716 0.229580
1 0.432335 0.531065 0.031775 0.164496
3 0.565259 0.521274 0.021593 0.128438
3 0.587675 0.487171 0.019909 0.102528
3 0.698418 0.518188 0.031172 0.141636
3 0.519049 0.500555 0.027307 0.130402
3 0.617219 0.493949 0.024037 0.117376
3 0.704194 0.514899 0.029591 0.144389
3 0.712960 0.510146 0.018007 0.144900
1 0.424646 0.532990 0.028903 0.167722
1 0.417120 0.531150 0.020743 0.159039
1 0.407970 0.538774 0.023061 0.168172
