0 0.081137 0.377139 0.021948 0.039550
1 0.508199 0.575379 0.035045 0.177693
1 0.526681 0.518685 0.025651 0.158860
2 0.351109 0.386746 0.030781 0.138199
1 0.223917 0.542199 0.035580 0.165471
1 0.052003 0.658893 0.075213 0.311287
1 0.487319 0.514905 0.024946 0.145596
1 0.272803 0.575806 0.049390 0.213370
3 0.590515 0.490161 0.024598 0.103173
3 0.689045 0.500039 0.025633 0.120979
3 0.714560 0.520717 0.031415 0.112835
3 0.617239 0.518390 0.032141 0.110732
1 0.510918 0.557879 0.035869 0.221553
3 0.503665 0.480258 0.020210 0.097479
