1 0.679350 0.559601 0.033610 0.197772
1 0.576174 0.559482 0.032941 0.189125
1 0.411176 0.543676 0.029563 0.158387
2 0.467161 0.389912 0.030838 0.139256
3 0.613901 0.514909 0.029466 0.134887
1 0.492422 0.518685 0.035386 0.134635
3 0.594520 0.500999 0.021487 0.122118
3 0.794914 0.515520 0.033540 0.110380
3 0.703168 0.490648 0.025036 0.112159
3 0.843295 0.532572 0.035710 0.130183
3 0.892494 0.519010 0.030134 0.121478
3 0.850138 0.530680 0.023856 0.117919
3 0.898650 0.520266 0.030884 0.125975
3 0.836574 0.529477 0.033368 0.131236
1 0.560538 0.523269 0.020908 0.130514
3 0.887530 0.518149 0.023548 0.121813
