1 0.456766 0.566273 0.037757 0.206212
1 0.535113 0.504388 0.037215 0.152022
2 0.469483 0.389271 0.033306 0.132748
3 0.729445 0.503308 0.023859 0.084725
1 0.413658 0.521250 0.038222 0.170084
3 0.867265 0.518886 0.033259 0.138872
3 0.626813 0.521936 0.039857 0.134107
3 0.753988 0.511838 0.026335 0.142963
1 0.812181 0.579901 0.043349 0.227639
1 0.684868 0.584009 0.042010 0.143432
1 0.671220 0.580524 0.029008 0.138968
3 0.647253 0.509307 0.022025 0.144287
1 0.653669 0.549052 0.017109 0.124786
3 0.649929 0.499963 0.019087 0.125785
1 0.661024 0.561639 0.019191 0.121585
