1 0.571196 0.566241 0.035786 0.196799
1 0.427557 0.517331 0.029356 0.153900
1 0.482666 0.566957 0.031230 0.173967
2 0.465231 0.397196 0.029381 0.132362
1 0.617366 0.579559 0.045864 0.226853
1 0.389262 0.535590 0.041813 0.174357
3 0.903244 0.524461 0.029184 0.134770
1 0.689890 0.537986 0.033243 0.150176
3 0.653979 0.519964 0.025360 0.143307
3 0.798481 0.513033 0.024756 0.121113
3 0.742458 0.533595 0.025507 0.141258
3 0.737390 0.527375 0.025161 0.154030
3 0.588180 0.502488 0.019932 0.113906
3 0.734276 0.483060 0.021045 0.087863
