1 0.625189 0.584942 0.033620 0.195677
1 0.413648 0.563096 0.037857 0.214217
1 0.587930 0.512968 0.032458 0.148103
1 0.494349 0.529157 0.029979 0.139109
2 0.469643 0.392308 0.033284 0.137840
3 0.665406 0.514085 0.025161 0.139550
3 0.754700 0.510844 0.024878 0.127053
3 0.788224 0.516729 0.041029 0.133660
3 0.704106 0.505223 0.025078 0.127837
1 0.149326 0.566204 0.046826 0.218905
3 0.727287 0.498726 0.023930 0.120107
3 0.655291 0.506375 0.014418 0.130409
1 0.635653 0.537259 0.024036 0.140601
1 0.641282 0.520443 0.024313 0.150530
