1 0.278765 0.539391 0.030903 0.163202
2 0.352212 0.386742 0.028714 0.137472
3 0.731602 0.500452 0.024662 0.127775
3 0.590185 0.513426 0.019141 0.112759
3 0.655016 0.503464 0.039631 0.106800
1 0.324694 0.547630 0.041216 0.189481
3 0.560796 0.489862 0.021532 0.114583
1 0.491568 0.519885 0.025489 0.153001
1 0.544304 0.524986 0.025385 0.166793
3 0.753972 0.527016 0.027654 0.130138
1 0.569045 0.544085 0.022972 0.136975
1 0.076909 0.778485 0.067876 0.438013
1 0.559598 0.522716 0.028177 0.171883
3 0.584706 0.510951 0.022256 0.112204
