2 0.355435 0.388142 0.035635 0.141418
3 0.570062 0.491642 0.019275 0.105990
1 0.363052 0.547771 0.049479 0.205861
1 0.249519 0.549377 0.051029 0.190311
1 0.498810 0.551243 0.031683 0.165312
1 0.583706 0.532967 0.026051 0.149472
1 0.470534 0.519590 0.033949 0.160055
3 0.707899 0.507856 0.032671 0.125340
1 0.314601 0.529213 0.031101 0.147947
3 0.632230 0.496628 0.030450 0.122831
3 0.598822 0.489897 0.019882 0.110148
3 0.675941 0.499323 0.023395 0.116163
3 0.511873 0.503788 0.022799 0.134731
1 0.586664 0.522929 0.030532 0.178137
