1 0.015165 0.577973 0.029676 0.224555
2 0.352192 0.386703 0.029109 0.136335
1 0.559896 0.522739 0.029764 0.159279
3 0.751042 0.519819 0.026894 0.133623
1 0.470224 0.512043 0.030543 0.148602
3 0.608277 0.500236 0.020165 0.125559
1 0.416664 0.538704 0.028912 0.156438
1 0.305445 0.556877 0.027008 0.182020
1 0.286776 0.524140 0.033431 0.184667
3 0.624833 0.485905 0.021126 0.110204
3 0.517227 0.510064 0.029829 0.139199
3 0.725011 0.504319 0.022347 0.111774
1 0.291576 0.532440 0.035609 0.196673
1 0.303118 0.546376 0.035890 0.202611
