1 0.504724 0.569608 0.036580 0.167606
3 0.679652 0.532520 0.024890 0.146835
1 0.369257 0.574394 0.040050 0.229881
1 0.404161 0.532508 0.050210 0.172010
1 0.456939 0.529030 0.028172 0.159557
3 0.575235 0.495063 0.028399 0.125701
1 0.483807 0.510252 0.024513 0.150386
2 0.350094 0.388035 0.030881 0.143653
3 0.657912 0.528169 0.022953 0.148696
3 0.675607 0.530129 0.024431 0.146128
3 0.483841 0.504684 0.021454 0.139845
3 0.812732 0.515306 0.025166 0.117923
3 0.664660 0.525193 0.015277 0.144889
3 0.671492 0.530280 0.018560 0.146913
1 0.461679 0.523621 0.025688 0.162463
