1 0.631142 0.571229 0.040827 0.216139
1 0.534489 0.563647 0.037263 0.206183
1 0.701444 0.541818 0.029956 0.149430
1 0.460469 0.555332 0.030444 0.168130
1 0.431318 0.522966 0.030985 0.171369
3 0.866630 0.524626 0.026632 0.133870
2 0.469114 0.395268 0.028729 0.124986
3 0.611070 0.512635 0.024892 0.138786
1 0.440579 0.525321 0.024339 0.160824
3 0.740665 0.513639 0.022758 0.124395
3 0.725484 0.527234 0.021250 0.149431
3 0.581879 0.500875 0.022935 0.117634
3 0.722209 0.485984 0.022086 0.095413
3 0.722654 0.514158 0.021947 0.147603
1 0.424921 0.522137 0.029732 0.173755
