1 0.575900 0.571527 0.032628 0.201491
1 0.593332 0.577145 0.024474 0.190898
2 0.352321 0.386894 0.029000 0.124714
1 0.398294 0.607210 0.047478 0.241617
3 0.698625 0.537900 0.029476 0.149428
1 0.280757 0.556480 0.039517 0.204471
3 0.659587 0.527163 0.036591 0.154928
1 0.361504 0.505728 0.027598 0.148042
3 0.752153 0.505636 0.024738 0.115301
3 0.461573 0.502390 0.025220 0.134924
1 0.259672 0.539024 0.025685 0.168272
3 0.666980 0.523011 0.024756 0.154857
1 0.588590 0.572202 0.021611 0.202229
3 0.618798 0.478002 0.019417 0.095962
