1 0.547265 0.523830 0.031697 0.160677
3 0.570761 0.483029 0.019418 0.104183
1 0.310002 0.538757 0.032564 0.161358
1 0.410770 0.581424 0.036521 0.225025
1 0.606274 0.540124 0.038255 0.151121
1 0.491411 0.517537 0.027221 0.150344
2 0.351550 0.386538 0.029863 0.136953
3 0.599286 0.482906 0.026600 0.093661
1 0.170445 0.573020 0.038509 0.231998
3 0.684641 0.498113 0.030865 0.120284
3 0.776068 0.533926 0.031835 0.125551
3 0.767767 0.534100 0.053370 0.122764
3 0.783466 0.530679 0.026658 0.131885
1 0.542368 0.523147 0.023275 0.161425
