1 0.449634 0.575380 0.042404 0.211739
1 0.246094 0.561179 0.046449 0.217936
1 0.348313 0.537484 0.032626 0.140082
2 0.351141 0.388357 0.030321 0.138772
3 0.574049 0.484287 0.020722 0.106076
1 0.639174 0.545538 0.025467 0.152197
3 0.685160 0.503499 0.024503 0.134203
3 0.720536 0.533830 0.028603 0.135906
1 0.486499 0.516482 0.028172 0.148273
3 0.615109 0.491391 0.021728 0.104804
3 0.520196 0.482785 0.025970 0.101764
3 0.615427 0.515083 0.022704 0.151762
1 0.601897 0.529218 0.028956 0.163306
3 0.604340 0.525482 0.021276 0.153308
