1 0.507355 0.550187 0.034433 0.192901
1 0.477144 0.530793 0.028070 0.169661
2 0.351802 0.386619 0.029690 0.135719
1 0.530241 0.519825 0.025164 0.156420
1 0.570375 0.556114 0.032262 0.173357
1 0.606913 0.542488 0.029519 0.139743
3 0.554751 0.492271 0.018691 0.086991
3 0.673185 0.535697 0.030177 0.160934
1 0.392892 0.526547 0.031047 0.145937
3 0.725669 0.531126 0.032039 0.118517
3 0.630671 0.505392 0.031239 0.148556
3 0.642127 0.493010 0.022180 0.106329
3 0.636203 0.497077 0.031723 0.127265
3 0.491479 0.486449 0.018352 0.103952
3 0.625931 0.501243 0.025393 0.141677
