1 0.254848 0.567010 0.038018 0.219780
3 0.581724 0.492417 0.031002 0.118296
1 0.560309 0.562851 0.036861 0.170761
1 0.496456 0.512473 0.027611 0.153214
2 0.352262 0.385473 0.032220 0.136753
3 0.651558 0.513644 0.031872 0.109979
1 0.542064 0.516450 0.023971 0.156731
3 0.743715 0.517439 0.023359 0.133250
1 0.286328 0.512657 0.030021 0.172957
1 0.405410 0.634825 0.053274 0.275795
3 0.725886 0.498635 0.019208 0.111663
1 0.533010 0.515640 0.028568 0.161021
1 0.548407 0.531566 0.030689 0.186810
3 0.730594 0.510265 0.018306 0.124537
