1 0.671996 0.526124 0.030096 0.164107
1 0.700120 0.533574 0.027301 0.158486
1 0.369164 0.537344 0.039611 0.184354
1 0.512918 0.582953 0.045723 0.235728
2 0.464033 0.389122 0.035969 0.137620
1 0.426763 0.529631 0.028812 0.141296
3 0.780496 0.523647 0.035430 0.147811
3 0.913188 0.513599 0.030208 0.122944
3 0.622579 0.493936 0.025730 0.101565
3 0.752850 0.535103 0.026025 0.158125
3 0.718522 0.488039 0.025191 0.121747
3 0.769074 0.514513 0.018675 0.134584
3 0.773932 0.522399 0.026580 0.147140
3 0.782802 0.521193 0.021710 0.144567
