1 0.280087 0.575440 0.042901 0.228193
1 0.242438 0.544750 0.033340 0.174474
3 0.589791 0.487595 0.020846 0.111286
0 0.181611 0.640129 0.033752 0.057352
3 0.608469 0.516443 0.025083 0.109786
1 0.558065 0.524901 0.030452 0.164635
1 0.506880 0.516234 0.030185 0.150137
3 0.755852 0.527483 0.028114 0.129434
1 0.581242 0.538197 0.021867 0.150685
2 0.351502 0.385635 0.029366 0.139862
1 0.141181 0.765004 0.090002 0.422150
3 0.720481 0.502739 0.025030 0.125163
1 0.570632 0.529156 0.022336 0.167176
3 0.568979 0.464542 0.018586 0.085641
0 0.186018 0.637705 0.026568 0.045156
3 0.588957 0.502524 0.025389 0.128604
