1 0.606490 0.567439 0.034349 0.179164
1 0.662735 0.531572 0.036618 0.140714
1 0.493937 0.555689 0.029296 0.180568
1 0.462442 0.574753 0.040243 0.221440
3 0.734194 0.530149 0.036840 0.157196
2 0.465868 0.390532 0.036049 0.139801
1 0.375182 0.534340 0.038997 0.163051
3 0.595438 0.509251 0.028357 0.143031
3 0.695870 0.523765 0.026516 0.131403
3 0.772787 0.500420 0.029952 0.126242
1 0.501536 0.537976 0.023767 0.144590
3 0.898168 0.529497 0.022194 0.112005
3 0.694175 0.463405 0.024016 0.078688
1 0.504680 0.527724 0.020044 0.138928
