1 0.303319 0.547072 0.039894 0.200317
1 0.543167 0.528260 0.026108 0.149215
1 0.388442 0.593708 0.044015 0.231541
1 0.460928 0.524847 0.040642 0.161827
1 0.575168 0.544416 0.031581 0.179132
3 0.605364 0.515656 0.021588 0.137743
3 0.715483 0.514786 0.027098 0.144447
3 0.515851 0.503312 0.028470 0.134151
2 0.351036 0.385470 0.029810 0.138009
3 0.623112 0.506944 0.022183 0.131047
1 0.421673 0.541117 0.025003 0.158820
3 0.510992 0.505068 0.032337 0.127846
3 0.589430 0.499389 0.016214 0.127812
3 0.608582 0.511901 0.019750 0.145051
