1 0.340058 0.550823 0.042956 0.203733
1 0.435250 0.565541 0.036777 0.203389
1 0.528789 0.516722 0.035600 0.169853
1 0.575543 0.602468 0.041776 0.204250
2 0.469431 0.391301 0.033403 0.135477
3 0.688150 0.498591 0.024930 0.123679
3 0.648253 0.502943 0.024946 0.125406
3 0.860869 0.520127 0.025380 0.140649
3 0.744580 0.511858 0.024599 0.139201
3 0.874685 0.540107 0.023938 0.148155
1 0.667565 0.530213 0.026770 0.145740
3 0.868481 0.527974 0.030271 0.154664
3 0.685232 0.511108 0.020274 0.134643
1 0.678721 0.524595 0.016460 0.145744
