1 0.440716 0.558584 0.034236 0.166605
1 0.398348 0.535665 0.028395 0.171433
1 0.657267 0.571115 0.044260 0.214683
1 0.564571 0.563737 0.033519 0.194063
2 0.467236 0.393830 0.030945 0.134095
1 0.480289 0.518394 0.028461 0.161612
3 0.591051 0.498775 0.022591 0.116588
3 0.882160 0.519781 0.027920 0.125470
3 0.822866 0.533929 0.030493 0.152821
3 0.804667 0.504530 0.021989 0.119499
3 0.773236 0.514008 0.024373 0.119423
3 0.641895 0.495546 0.020611 0.106501
1 0.675309 0.533274 0.021543 0.144067
1 0.657382 0.573312 0.029199 0.215793
