1 0.464746 0.555814 0.037072 0.185715
1 0.673522 0.567741 0.033473 0.182252
1 0.611773 0.523867 0.029393 0.162476
1 0.503294 0.571286 0.044199 0.218886
1 0.695436 0.536320 0.025998 0.168315
1 0.417901 0.521732 0.025451 0.144944
2 0.471663 0.389953 0.033954 0.131709
3 0.631570 0.490078 0.021490 0.107570
3 0.649920 0.507178 0.028327 0.139867
3 0.833540 0.522017 0.033237 0.140287
3 0.789204 0.507734 0.025666 0.135842
3 0.877513 0.517128 0.023994 0.114239
3 0.759948 0.498780 0.026366 0.119297
3 0.635396 0.501004 0.020235 0.130645
