1 0.478105 0.515471 0.026182 0.149454
1 0.136247 0.531639 0.039084 0.198721
1 0.553564 0.522237 0.031664 0.163011
0 0.139205 0.768250 0.025870 0.054972
1 0.516636 0.525742 0.026252 0.136488
3 0.742323 0.533279 0.022912 0.133545
1 0.382214 0.538097 0.033489 0.155510
3 0.572537 0.484904 0.021442 0.115464
3 0.502703 0.485937 0.017242 0.103542
2 0.351016 0.387806 0.030577 0.133325
3 0.598331 0.505172 0.023221 0.123844
1 0.177361 0.704144 0.144142 0.177111
3 0.615086 0.487171 0.017206 0.099933
3 0.612118 0.502674 0.017977 0.131956
3 0.751365 0.490605 0.027584 0.105782
