3 0.618579 0.511666 0.022724 0.122589
1 0.558031 0.522436 0.029396 0.161997
3 0.582245 0.508241 0.023248 0.128532
1 0.226060 0.570656 0.040509 0.229784
1 0.269551 0.529302 0.032959 0.158016
2 0.351824 0.388340 0.029901 0.137335
1 0.434964 0.583045 0.042537 0.295872
3 0.727839 0.503632 0.024059 0.122494
3 0.747658 0.529177 0.029817 0.125435
3 0.655546 0.495686 0.036327 0.102539
1 0.513768 0.517780 0.029259 0.150950
3 0.601255 0.539458 0.024830 0.145257
1 0.599214 0.540460 0.028654 0.147110
0 0.464042 0.363924 0.026239 0.053813
3 0.598943 0.524384 0.020601 0.142867
