1 0.530204 0.546951 0.034685 0.199185
3 0.777889 0.517944 0.027905 0.110853
1 0.417319 0.562521 0.031313 0.199395
2 0.469606 0.392688 0.034397 0.140190
1 0.650532 0.518847 0.028274 0.165551
1 0.548562 0.649198 0.057463 0.263778
0 0.747225 0.261068 0.018679 0.033508
3 0.707439 0.492545 0.028502 0.118810
1 0.434085 0.546532 0.022112 0.169375
3 0.878599 0.531693 0.025519 0.141415
3 0.611320 0.498059 0.021333 0.120812
3 0.730920 0.533381 0.033251 0.152750
1 0.629433 0.524221 0.023569 0.153597
3 0.858681 0.513827 0.023102 0.125745
3 0.865171 0.526624 0.018720 0.143302
