1 0.570107 0.571051 0.039164 0.197238
2 0.359517 0.384808 0.041033 0.134310
1 0.324517 0.561460 0.032495 0.193582
1 0.251183 0.545600 0.045002 0.166971
1 0.618132 0.576466 0.037200 0.186753
1 0.409504 0.573682 0.048571 0.224143
3 0.678341 0.533459 0.029416 0.153425
3 0.643020 0.486083 0.022697 0.108671
3 0.754929 0.505983 0.025277 0.120242
1 0.342877 0.504355 0.027652 0.149017
1 0.339570 0.522474 0.030332 0.133938
1 0.333637 0.528050 0.024611 0.135563
3 0.442297 0.497925 0.025316 0.136063
3 0.619739 0.477725 0.019621 0.089992
