1 0.182153 0.560420 0.048222 0.217905
1 0.232315 0.540362 0.040142 0.166790
1 0.556769 0.526447 0.031130 0.165957
2 0.350900 0.387267 0.030570 0.137512
3 0.743268 0.527839 0.022055 0.128706
3 0.757571 0.493487 0.020955 0.116737
1 0.076472 0.708194 0.072089 0.359155
1 0.625747 0.545374 0.037574 0.154836
3 0.579046 0.478430 0.019143 0.112448
1 0.499390 0.515427 0.023101 0.146854
3 0.610709 0.502792 0.016871 0.127276
3 0.607340 0.503786 0.018920 0.123476
3 0.597540 0.503951 0.019232 0.126145
3 0.507907 0.494536 0.018240 0.111330
3 0.581117 0.489195 0.020604 0.122840
