1 0.434997 0.562379 0.041950 0.193709
1 0.549866 0.565342 0.039828 0.209969
1 0.702142 0.532073 0.031747 0.174533
1 0.665260 0.560690 0.026465 0.162967
2 0.468592 0.389431 0.031218 0.128664
3 0.751971 0.495812 0.026995 0.120199
1 0.464804 0.525830 0.026398 0.149935
3 0.848994 0.534449 0.033988 0.138066
1 0.616844 0.515922 0.029744 0.152452
3 0.827190 0.520397 0.023664 0.124633
3 0.633273 0.513444 0.019459 0.147798
3 0.641208 0.507602 0.018218 0.153575
3 0.637477 0.510313 0.018926 0.149863
1 0.460355 0.531272 0.023222 0.140586
