1 0.245371 0.556213 0.048592 0.180667
1 0.588587 0.582566 0.035442 0.193026
1 0.383184 0.568325 0.041271 0.218572
1 0.353627 0.548863 0.030111 0.191771
2 0.353079 0.385103 0.028943 0.134074
3 0.521241 0.504991 0.029450 0.132579
1 0.554950 0.569163 0.038594 0.194753
3 0.624822 0.520292 0.027978 0.145841
1 0.319513 0.503823 0.025658 0.155556
3 0.744515 0.525835 0.026200 0.141448
3 0.631974 0.514841 0.020380 0.143157
3 0.581204 0.486429 0.021775 0.092836
3 0.629705 0.490754 0.022649 0.103519
3 0.737346 0.518898 0.025039 0.134640
