1 0.237547 0.555864 0.038452 0.178596
1 0.277529 0.579117 0.047805 0.233279
1 0.557250 0.523725 0.031025 0.165899
3 0.607758 0.517195 0.025890 0.108269
3 0.589635 0.484785 0.021211 0.104911
0 0.175950 0.576802 0.031294 0.057904
1 0.507441 0.516055 0.029357 0.150720
3 0.756334 0.526619 0.029148 0.128357
1 0.581919 0.539441 0.023253 0.146161
3 0.721970 0.501978 0.026030 0.125085
2 0.346487 0.389026 0.036013 0.137447
1 0.563843 0.529284 0.030260 0.164854
1 0.140859 0.772294 0.089327 0.437392
1 0.573979 0.530768 0.023801 0.163970
3 0.587528 0.467425 0.022897 0.084007
3 0.587399 0.506794 0.024064 0.120375
