2 0.350330 0.388518 0.034382 0.138829
1 0.561384 0.554379 0.032377 0.167805
3 0.590110 0.511445 0.023891 0.136790
1 0.357288 0.615085 0.058660 0.246514
1 0.310295 0.578760 0.029938 0.209458
1 0.445233 0.514450 0.032337 0.153288
3 0.777408 0.527704 0.033434 0.129980
3 0.531433 0.485920 0.022591 0.122069
3 0.726255 0.500791 0.026072 0.126559
3 0.609699 0.491070 0.019296 0.101107
3 0.636366 0.508032 0.020688 0.127936
1 0.319749 0.578427 0.019679 0.209330
3 0.615316 0.519158 0.023656 0.161781
1 0.621975 0.526227 0.036251 0.173072
3 0.612653 0.510538 0.024381 0.137738
