1 0.463637 0.554814 0.043552 0.205748
2 0.350804 0.386346 0.031491 0.136449
1 0.575539 0.574570 0.041534 0.196347
3 0.620720 0.493462 0.029073 0.123479
3 0.755542 0.511222 0.026983 0.116996
1 0.611553 0.540099 0.029119 0.143869
1 0.354624 0.544394 0.042648 0.155212
3 0.569721 0.502623 0.026144 0.124564
1 0.290838 0.551156 0.037296 0.144194
3 0.669916 0.531601 0.031836 0.149043
3 0.449804 0.499474 0.026515 0.136872
1 0.307255 0.514254 0.029534 0.153861
3 0.649989 0.494272 0.021012 0.103338
1 0.302058 0.534549 0.032395 0.123667
