1 0.557221 0.534394 0.032304 0.154133
1 0.404746 0.543667 0.036340 0.162507
1 0.475950 0.522574 0.035287 0.158437
1 0.508827 0.540086 0.029549 0.157607
1 0.192336 0.564157 0.050467 0.224332
3 0.737277 0.504412 0.031299 0.128592
1 0.257667 0.644920 0.047192 0.294522
3 0.578276 0.500465 0.021850 0.119795
0 0.315881 0.748282 0.024175 0.053467
2 0.353658 0.385415 0.026442 0.133270
3 0.598974 0.498836 0.024917 0.128290
3 0.679037 0.495289 0.027360 0.121036
3 0.768663 0.529026 0.025977 0.128769
3 0.552392 0.477772 0.018638 0.096060
3 0.583415 0.500458 0.019261 0.127841
