1 0.604178 0.566500 0.028031 0.159860
1 0.557829 0.523259 0.034953 0.162492
1 0.302143 0.565291 0.047256 0.204840
1 0.449338 0.514985 0.027786 0.151780
3 0.583719 0.502448 0.021750 0.121041
2 0.350957 0.385903 0.031646 0.139471
3 0.693197 0.502291 0.032998 0.125316
1 0.371699 0.601100 0.044043 0.230722
3 0.626521 0.530446 0.025630 0.128269
3 0.478078 0.498168 0.025776 0.120936
3 0.670804 0.532760 0.030233 0.076427
1 0.344085 0.528560 0.027845 0.150929
3 0.678716 0.511949 0.028703 0.113437
3 0.666148 0.530540 0.028398 0.076974
