1 0.244537 0.525845 0.033686 0.186956
2 0.350958 0.386284 0.031421 0.136312
1 0.531743 0.516217 0.031930 0.156459
1 0.278946 0.562445 0.030485 0.197621
1 0.024578 0.584876 0.048527 0.241488
3 0.756654 0.516931 0.025662 0.134959
1 0.461146 0.544145 0.039472 0.139424
3 0.617423 0.500490 0.022394 0.121725
3 0.725771 0.503994 0.022335 0.115204
3 0.631918 0.488745 0.019520 0.111568
3 0.507418 0.507497 0.024386 0.140729
3 0.570188 0.475065 0.019561 0.095215
1 0.477785 0.500221 0.024923 0.135453
1 0.473075 0.523404 0.029717 0.160894
3 0.620833 0.490878 0.019188 0.111785
