1 0.567690 0.522239 0.027118 0.136513
2 0.469590 0.392535 0.032758 0.137304
3 0.762566 0.493658 0.027925 0.119691
3 0.673016 0.487793 0.020687 0.102046
1 0.606715 0.509423 0.022374 0.137901
1 0.695922 0.534032 0.029153 0.162961
1 0.589100 0.628076 0.042252 0.229984
1 0.400576 0.569264 0.067082 0.167106
3 0.717311 0.505470 0.021778 0.129103
1 0.077720 0.608986 0.064614 0.245132
3 0.863047 0.524374 0.028353 0.140498
1 0.383421 0.565270 0.034022 0.172168
3 0.858601 0.523906 0.021250 0.139453
1 0.573223 0.514509 0.025036 0.129461
3 0.871984 0.516824 0.021217 0.121896
1 0.617247 0.509482 0.018954 0.136702
