3 0.565646 0.486189 0.018425 0.103340
1 0.545526 0.525870 0.026725 0.166678
1 0.488486 0.518470 0.029137 0.150175
3 0.605255 0.508874 0.019684 0.110564
3 0.660044 0.500638 0.036867 0.107054
3 0.583150 0.493986 0.020922 0.116457
1 0.243452 0.570646 0.041203 0.229623
2 0.350516 0.388519 0.032295 0.136605
3 0.731094 0.499012 0.023535 0.123536
3 0.756767 0.525456 0.027572 0.124551
1 0.189074 0.742364 0.084233 0.397177
1 0.591749 0.540020 0.024096 0.141468
1 0.166961 0.739586 0.106402 0.398079
3 0.583677 0.473590 0.019449 0.088523
