1 0.368252 0.535044 0.030269 0.185320
1 0.508579 0.657591 0.045886 0.259260
1 0.400781 0.528741 0.029097 0.146651
2 0.466441 0.387929 0.032176 0.136456
1 0.648515 0.520893 0.028858 0.153026
3 0.776458 0.505913 0.030659 0.115365
3 0.870591 0.529615 0.029155 0.148131
3 0.620095 0.493458 0.021905 0.109200
1 0.676191 0.527394 0.022913 0.153585
3 0.706555 0.490236 0.022753 0.119510
3 0.897797 0.510417 0.030044 0.121709
3 0.732971 0.529262 0.036055 0.163145
1 0.498335 0.552141 0.039898 0.183122
1 0.500830 0.533050 0.036392 0.147046
