1 0.569590 0.525769 0.031793 0.158857
1 0.346563 0.539996 0.030403 0.150889
1 0.442420 0.559832 0.036427 0.200771
2 0.351271 0.390315 0.030381 0.144424
1 0.487113 0.517420 0.035712 0.150125
1 0.225766 0.557508 0.047663 0.212224
1 0.640367 0.544662 0.030112 0.157608
3 0.592873 0.512852 0.018766 0.144623
3 0.603104 0.516395 0.027742 0.144337
3 0.588428 0.503100 0.017846 0.129259
3 0.587858 0.483895 0.015175 0.103204
3 0.735532 0.510118 0.026742 0.134257
3 0.730440 0.525399 0.028403 0.144776
3 0.585127 0.471596 0.018764 0.090090
