1 0.415170 0.516984 0.031233 0.167393
1 0.328386 0.546327 0.040739 0.187774
1 0.461756 0.551306 0.029768 0.168323
3 0.641976 0.516142 0.026845 0.146751
2 0.351035 0.386132 0.031541 0.133148
1 0.209318 0.519582 0.038967 0.176393
3 0.532938 0.504345 0.027324 0.136366
3 0.558121 0.512955 0.023642 0.117475
3 0.736706 0.508014 0.034887 0.124648
1 0.433615 0.510147 0.020086 0.145446
3 0.667271 0.511077 0.022731 0.119565
1 0.488090 0.558498 0.031267 0.174468
3 0.600897 0.502501 0.033273 0.130451
0 0.758125 0.661103 0.021129 0.036390
