1 0.335330 0.527652 0.030936 0.170362
1 0.630012 0.522372 0.039201 0.167602
1 0.576197 0.601246 0.044661 0.202345
1 0.495393 0.523998 0.031297 0.160489
1 0.451591 0.558873 0.046086 0.187677
2 0.469339 0.393792 0.032278 0.137622
3 0.720950 0.514855 0.021989 0.128220
1 0.694822 0.537186 0.036604 0.152645
3 0.736765 0.517601 0.025400 0.143691
3 0.654626 0.503654 0.023862 0.127865
3 0.803363 0.531371 0.025423 0.134286
3 0.704769 0.497528 0.019950 0.124314
3 0.787180 0.512374 0.025751 0.137265
3 0.791131 0.519515 0.028597 0.140513
3 0.710776 0.506130 0.020736 0.131927
3 0.728653 0.517015 0.021593 0.134321
