1 0.613024 0.528140 0.032117 0.163388
1 0.526887 0.580973 0.044528 0.196880
1 0.246227 0.564541 0.041839 0.218734
2 0.350025 0.389560 0.033220 0.142303
1 0.648138 0.545733 0.029090 0.150609
1 0.473137 0.515604 0.034219 0.149993
0 0.656891 0.309882 0.019059 0.038970
3 0.558684 0.507069 0.025611 0.132235
1 0.338677 0.543057 0.051378 0.138395
3 0.655504 0.493047 0.022577 0.120198
3 0.685453 0.517566 0.027408 0.137858
3 0.673768 0.511588 0.019779 0.143205
3 0.539367 0.498329 0.020226 0.128260
3 0.690009 0.521263 0.027132 0.130613
