1 0.514094 0.589750 0.044852 0.198797
1 0.315332 0.544324 0.053750 0.199866
1 0.578743 0.517694 0.028380 0.148064
2 0.465567 0.392503 0.038557 0.137022
3 0.683006 0.488735 0.022295 0.110342
1 0.621557 0.525104 0.025681 0.158262
3 0.708630 0.509456 0.027456 0.133677
3 0.851267 0.528157 0.028077 0.148721
1 0.357289 0.686627 0.054793 0.330973
3 0.818666 0.504199 0.027907 0.131259
1 0.610131 0.518260 0.024368 0.161033
3 0.877090 0.540410 0.026100 0.139724
3 0.733863 0.484484 0.023217 0.106915
1 0.625473 0.528772 0.022624 0.144056
