1 0.465349 0.517563 0.026699 0.149822
1 0.384868 0.546738 0.030852 0.169331
1 0.524194 0.519034 0.028443 0.162813
1 0.223940 0.540405 0.030276 0.166275
1 0.259842 0.584071 0.039155 0.217229
3 0.722674 0.497880 0.031011 0.119948
3 0.746703 0.512926 0.028978 0.124258
3 0.616207 0.517107 0.021839 0.110483
3 0.496579 0.491625 0.028068 0.127078
3 0.501399 0.492694 0.022009 0.124094
2 0.351095 0.386711 0.028570 0.136497
3 0.613076 0.513145 0.030255 0.114993
2 0.345396 0.390051 0.039394 0.136206
3 0.606186 0.503214 0.021635 0.118289
