1 0.658731 0.528680 0.028082 0.166047
1 0.420481 0.565008 0.041425 0.216944
1 0.628637 0.588681 0.041058 0.187423
1 0.072136 0.577100 0.051657 0.229948
2 0.470422 0.392783 0.031355 0.138391
1 0.482580 0.529251 0.026495 0.147198
3 0.800736 0.510890 0.027769 0.125031
3 0.706206 0.502056 0.025288 0.130589
3 0.843712 0.523756 0.035716 0.134838
3 0.731437 0.495613 0.022702 0.122233
1 0.609607 0.511953 0.023447 0.147135
3 0.642018 0.501483 0.018108 0.123504
0 0.262658 0.635261 0.022518 0.054363
1 0.635197 0.586476 0.035948 0.193602
