1 0.247645 0.541380 0.040769 0.197070
1 0.598273 0.536106 0.035142 0.152847
1 0.379403 0.571321 0.030993 0.208798
3 0.488746 0.505155 0.032283 0.141996
2 0.351903 0.386788 0.029259 0.134073
1 0.282499 0.522988 0.035034 0.178750
1 0.405302 0.548782 0.025318 0.172374
3 0.673021 0.496948 0.024735 0.111633
3 0.729973 0.527020 0.025739 0.132503
3 0.753497 0.530412 0.024299 0.138653
3 0.619180 0.481704 0.021830 0.117725
3 0.770949 0.510542 0.020376 0.121267
1 0.399645 0.552283 0.024277 0.171441
3 0.760572 0.527582 0.022343 0.142268
