1 0.538045 0.569406 0.039652 0.197901
1 0.651910 0.553454 0.031783 0.189833
0 0.282030 0.609529 0.024241 0.049433
1 0.590775 0.554333 0.040027 0.170074
1 0.351912 0.562240 0.040347 0.213027
1 0.490223 0.577309 0.041433 0.184208
3 0.729878 0.530110 0.022601 0.130394
1 0.318764 0.702272 0.082387 0.341472
2 0.352812 0.386466 0.027611 0.133311
1 0.757926 0.629482 0.033957 0.187807
1 0.305984 0.704694 0.054617 0.342001
3 0.633404 0.500663 0.023723 0.122051
3 0.750722 0.492950 0.019607 0.101742
3 0.665913 0.492709 0.019738 0.108615
