1 0.276087 0.528081 0.031667 0.186127
1 0.505732 0.540902 0.032997 0.159387
1 0.613393 0.526586 0.032823 0.164673
2 0.356763 0.387775 0.035904 0.139556
1 0.427307 0.541061 0.034699 0.159613
3 0.564640 0.495224 0.025149 0.110599
3 0.640690 0.501237 0.022642 0.121622
1 0.332240 0.626110 0.043540 0.268697
1 0.480921 0.517061 0.025915 0.152650
3 0.749402 0.514108 0.034478 0.134460
3 0.581315 0.518148 0.022773 0.144525
0 0.643459 0.238917 0.015287 0.031830
3 0.484197 0.513666 0.021072 0.151033
3 0.634540 0.510418 0.021613 0.133953
1 0.620622 0.528416 0.023721 0.159122
