3 0.557546 0.498455 0.026398 0.125595
1 0.535674 0.523017 0.028733 0.163658
3 0.638320 0.528313 0.032194 0.136180
1 0.412884 0.594347 0.046264 0.194370
2 0.352725 0.386384 0.029715 0.139486
3 0.665449 0.496814 0.019611 0.116660
3 0.801575 0.516031 0.024810 0.118868
1 0.242274 0.570728 0.059895 0.234072
3 0.682692 0.521460 0.029173 0.145442
1 0.392128 0.520430 0.031478 0.159842
1 0.456048 0.506972 0.028470 0.148732
1 0.539735 0.538059 0.028856 0.184797
1 0.461576 0.499520 0.021479 0.132427
3 0.672876 0.516791 0.028313 0.145575
