1 0.658859 0.571159 0.036065 0.200113
1 0.609235 0.517397 0.023307 0.150631
1 0.414295 0.542789 0.030145 0.159898
1 0.151704 0.592136 0.077920 0.255283
3 0.679379 0.503810 0.023721 0.113337
3 0.822515 0.511321 0.035935 0.127980
3 0.730510 0.495663 0.021952 0.116088
1 0.632600 0.531045 0.024309 0.147979
2 0.467823 0.390088 0.032051 0.122506
3 0.866517 0.525650 0.025009 0.139749
3 0.886652 0.529233 0.022684 0.148669
0 0.187649 0.583880 0.023025 0.038977
3 0.619827 0.511383 0.019242 0.153821
1 0.639598 0.530496 0.020319 0.155667
