1 0.404147 0.533000 0.029457 0.180112
1 0.641293 0.534124 0.031061 0.156350
2 0.469387 0.391148 0.033442 0.135148
3 0.792531 0.514534 0.020484 0.127192
3 0.806724 0.540751 0.024586 0.142897
1 0.445309 0.535569 0.026684 0.133408
1 0.547289 0.578605 0.040886 0.206323
3 0.586744 0.506196 0.032146 0.135925
3 0.776897 0.525138 0.024217 0.146006
1 0.542339 0.510425 0.026793 0.139058
1 0.540781 0.514739 0.034535 0.157095
3 0.789317 0.524729 0.020273 0.145301
1 0.654773 0.519636 0.019605 0.139921
1 0.554214 0.564256 0.023862 0.171091
1 0.651322 0.521485 0.029331 0.145084
