1 0.554204 0.581149 0.038691 0.210876
1 0.694810 0.563760 0.041643 0.201547
1 0.443944 0.552240 0.033079 0.190940
1 0.381653 0.517024 0.030524 0.168360
2 0.469456 0.391067 0.032807 0.136350
3 0.802310 0.529700 0.027023 0.147668
1 0.522687 0.545058 0.025297 0.161086
3 0.885679 0.521724 0.026657 0.129850
1 0.507729 0.544222 0.025515 0.159819
3 0.765861 0.509988 0.024800 0.100216
3 0.785241 0.478821 0.024960 0.119916
3 0.569752 0.498890 0.026267 0.125110
3 0.792546 0.495450 0.022585 0.128228
1 0.526558 0.538879 0.025092 0.153393
