1 0.402729 0.573706 0.030138 0.217569
1 0.578726 0.522415 0.027612 0.154855
1 0.637490 0.568903 0.044472 0.210092
1 0.423055 0.539914 0.024123 0.159545
3 0.653154 0.496514 0.020595 0.117245
2 0.467933 0.379970 0.041498 0.156779
3 0.858385 0.533567 0.025827 0.151898
1 0.719222 0.546715 0.032392 0.153184
3 0.802304 0.509508 0.017140 0.116727
3 0.701946 0.504882 0.020733 0.122711
3 0.819892 0.530006 0.024625 0.151712
3 0.825295 0.530839 0.021479 0.151646
3 0.797686 0.508063 0.019474 0.115826
3 0.815799 0.528018 0.018426 0.147098
3 0.813273 0.517963 0.018912 0.137206
