1 0.445581 0.551774 0.032681 0.166009
1 0.544650 0.569298 0.034932 0.201312
3 0.718273 0.494735 0.021490 0.106982
1 0.581266 0.523992 0.023648 0.146560
3 0.672042 0.513218 0.024709 0.119697
2 0.467133 0.391096 0.026572 0.122702
1 0.617120 0.519144 0.031414 0.160612
3 0.901120 0.532724 0.025715 0.136577
1 0.149229 0.588608 0.058019 0.254146
1 0.700068 0.543336 0.026311 0.153993
3 0.794828 0.505332 0.027630 0.129722
3 0.881467 0.530576 0.022087 0.138556
3 0.703115 0.527828 0.021930 0.118054
3 0.701554 0.542602 0.024176 0.150932
