1 0.738056 0.536733 0.033702 0.170655
3 0.685491 0.490375 0.022313 0.113499
1 0.393506 0.547191 0.035700 0.202673
0 0.479283 0.606707 0.021916 0.035294
1 0.585336 0.618694 0.038521 0.227002
2 0.469488 0.391911 0.033854 0.137613
1 0.112517 0.590383 0.052872 0.233355
3 0.763001 0.493682 0.029225 0.121332
3 0.858762 0.527612 0.026345 0.143414
3 0.706269 0.510656 0.024620 0.135166
3 0.889688 0.518084 0.023542 0.112651
1 0.595258 0.503806 0.022742 0.128947
3 0.614973 0.500440 0.024609 0.124887
1 0.568532 0.535155 0.022425 0.150176
3 0.688788 0.499537 0.018225 0.123368
