1 0.421767 0.533720 0.030072 0.155807
1 0.682872 0.535791 0.029087 0.150875
1 0.332920 0.528282 0.034019 0.182625
1 0.612901 0.518958 0.024095 0.149615
1 0.648490 0.523612 0.029688 0.165261
1 0.227356 0.769598 0.075995 0.444696
2 0.469871 0.391695 0.033087 0.135478
3 0.859058 0.541738 0.022945 0.130528
3 0.713336 0.506962 0.027419 0.128758
3 0.768974 0.493611 0.032417 0.107719
3 0.843765 0.524602 0.023147 0.151206
0 0.257187 0.651285 0.018720 0.043691
3 0.689757 0.468333 0.016115 0.070281
3 0.707875 0.507300 0.019490 0.127831
