1 0.441086 0.568748 0.034236 0.171953
1 0.395426 0.538395 0.028293 0.170777
1 0.553352 0.574276 0.036602 0.202363
1 0.651067 0.576140 0.043813 0.217988
1 0.679359 0.534548 0.025059 0.150915
3 0.905304 0.522817 0.032974 0.133929
2 0.465289 0.393906 0.027586 0.127418
3 0.813043 0.482403 0.020341 0.100359
3 0.796727 0.509846 0.025322 0.117573
3 0.836008 0.537446 0.027303 0.148714
3 0.811240 0.493014 0.019480 0.114555
3 0.626540 0.512330 0.026921 0.149126
3 0.566305 0.504959 0.022788 0.119947
1 0.427273 0.511048 0.027802 0.139935
