1 0.461872 0.566589 0.038381 0.204264
1 0.569880 0.560544 0.033109 0.155366
2 0.351111 0.391066 0.030876 0.150130
3 0.546434 0.504506 0.028256 0.138080
3 0.671177 0.499694 0.026490 0.120575
3 0.638572 0.528952 0.042502 0.157288
3 0.551008 0.513859 0.021998 0.124886
3 0.543621 0.492465 0.026582 0.135940
3 0.759123 0.516283 0.021423 0.115825
1 0.375917 0.559311 0.038392 0.188762
1 0.408048 0.528569 0.029768 0.151086
1 0.338220 0.503089 0.052647 0.132623
3 0.474171 0.488127 0.028450 0.104099
1 0.399146 0.538987 0.037177 0.165405
