1 0.675968 0.555831 0.037718 0.191529
1 0.554823 0.582192 0.039390 0.208155
1 0.470848 0.533612 0.029865 0.171132
1 0.383111 0.536157 0.035691 0.190190
1 0.507671 0.547213 0.036937 0.170516
3 0.775656 0.499540 0.029395 0.123442
3 0.747430 0.497679 0.023856 0.103813
3 0.714236 0.484885 0.026108 0.114050
3 0.640975 0.501112 0.025308 0.130998
2 0.471919 0.390909 0.029921 0.127318
1 0.414324 0.535564 0.027337 0.157087
3 0.815256 0.519675 0.033367 0.135191
3 0.809509 0.518274 0.025236 0.128393
3 0.820858 0.519022 0.025301 0.134024
