3 0.875278 0.517330 0.027995 0.130210
1 0.608202 0.570879 0.035453 0.200295
1 0.459894 0.547819 0.031248 0.164641
1 0.426940 0.553592 0.030465 0.200111
2 0.473802 0.390312 0.036000 0.133875
3 0.840447 0.537709 0.029341 0.148592
3 0.719490 0.498250 0.028156 0.119508
3 0.652789 0.500238 0.024831 0.111499
1 0.541266 0.637652 0.047183 0.258297
3 0.694605 0.518052 0.023030 0.148303
3 0.813632 0.518984 0.025167 0.122763
1 0.613580 0.552577 0.030362 0.188780
1 0.677743 0.530924 0.024007 0.164278
1 0.620991 0.522621 0.022199 0.133625
3 0.713448 0.513286 0.022574 0.145792
3 0.702094 0.515693 0.022817 0.148084
