1 0.604888 0.531219 0.025743 0.167186
1 0.168144 0.548268 0.037326 0.210238
3 0.551043 0.491705 0.023027 0.110077
1 0.300283 0.551155 0.034801 0.168236
3 0.653138 0.497095 0.025065 0.124345
1 0.453904 0.529298 0.033102 0.162873
3 0.754611 0.526339 0.023943 0.128087
3 0.733297 0.498169 0.023394 0.115681
3 0.582210 0.473861 0.018682 0.082133
3 0.579327 0.477550 0.017718 0.089901
2 0.352565 0.387402 0.028636 0.136647
1 0.578742 0.545147 0.029961 0.154180
3 0.592100 0.497506 0.016855 0.107868
1 0.599998 0.533341 0.023397 0.167425
