0 0.407266 0.771604 0.027076 0.052516
1 0.556169 0.566594 0.034490 0.196080
1 0.626344 0.575770 0.029617 0.178342
1 0.291006 0.558239 0.025245 0.196754
1 0.285117 0.557064 0.030963 0.202656
3 0.593009 0.511956 0.024681 0.141411
2 0.351253 0.382504 0.027407 0.127913
3 0.666381 0.493209 0.026162 0.115729
1 0.320639 0.617686 0.055630 0.253125
1 0.270815 0.545509 0.026204 0.182460
1 0.364989 0.505532 0.026953 0.152674
3 0.441052 0.495540 0.030826 0.137441
1 0.277817 0.554756 0.026833 0.198670
3 0.720259 0.516571 0.029935 0.138272
3 0.705723 0.504300 0.019224 0.121625
3 0.710496 0.507636 0.022639 0.124494
