1 0.469194 0.532422 0.032089 0.153416
1 0.366843 0.530768 0.024482 0.143933
2 0.350741 0.386711 0.030617 0.140080
1 0.420412 0.569191 0.039356 0.216961
3 0.492622 0.503518 0.020379 0.128611
3 0.664074 0.498540 0.026275 0.120536
1 0.399155 0.542672 0.024201 0.171024
1 0.600086 0.531062 0.030144 0.164659
3 0.615492 0.508642 0.020319 0.124643
3 0.584405 0.491860 0.021660 0.104667
3 0.702860 0.529117 0.034057 0.125935
3 0.508688 0.497911 0.020516 0.124711
1 0.404748 0.555986 0.031403 0.205415
1 0.412319 0.568424 0.040922 0.224716
