1 0.545283 0.560161 0.032714 0.162039
3 0.584712 0.490152 0.029902 0.119092
1 0.274491 0.555431 0.041034 0.203789
1 0.486818 0.514989 0.026628 0.145692
1 0.376009 0.663609 0.065542 0.272758
3 0.656715 0.507906 0.030804 0.109307
3 0.505125 0.496085 0.020246 0.119869
3 0.733481 0.504131 0.025834 0.130129
3 0.750057 0.517919 0.022996 0.123658
3 0.512190 0.513718 0.021672 0.155290
3 0.522176 0.515032 0.024921 0.148589
2 0.349604 0.390255 0.040181 0.134371
3 0.508075 0.507429 0.021412 0.139570
3 0.526145 0.508158 0.028187 0.139808
