1 0.537785 0.567158 0.040884 0.210667
1 0.685360 0.563979 0.033358 0.173236
1 0.640551 0.524823 0.030587 0.159576
1 0.417651 0.521683 0.025258 0.143231
2 0.468764 0.390774 0.032919 0.136813
3 0.732830 0.518759 0.024445 0.118325
3 0.714089 0.491662 0.020624 0.099265
3 0.851693 0.530532 0.035737 0.126291
3 0.610269 0.506608 0.023939 0.137596
3 0.812258 0.516198 0.030380 0.101074
0 0.217215 0.247881 0.020652 0.047761
3 0.817217 0.518107 0.032388 0.108408
3 0.825624 0.519980 0.023621 0.117364
1 0.645923 0.525027 0.029034 0.159412
