1 0.506329 0.516106 0.028484 0.149875
3 0.589434 0.486351 0.019862 0.107739
1 0.557549 0.524946 0.029771 0.165047
1 0.151936 0.759615 0.084818 0.429644
3 0.607848 0.517610 0.025720 0.107965
3 0.757031 0.526801 0.030061 0.129767
2 0.349980 0.386705 0.033161 0.138503
1 0.268969 0.590831 0.035685 0.246864
1 0.244566 0.561798 0.030681 0.181327
1 0.581703 0.540031 0.022702 0.146048
3 0.722664 0.502326 0.025984 0.125056
1 0.570533 0.529141 0.022282 0.167894
1 0.249020 0.568476 0.028562 0.202411
3 0.592624 0.505262 0.020122 0.119835
