1 0.500285 0.528306 0.036226 0.156118
1 0.637631 0.527995 0.036432 0.145482
1 0.555202 0.565301 0.034491 0.194203
3 0.786815 0.511266 0.020617 0.124370
2 0.467736 0.390340 0.030131 0.129565
1 0.533180 0.509956 0.028498 0.146307
3 0.737460 0.502811 0.023790 0.118554
3 0.812599 0.531302 0.028504 0.156790
3 0.709928 0.496643 0.025492 0.122460
1 0.442162 0.567014 0.038488 0.206557
3 0.806941 0.531038 0.022570 0.156268
1 0.461452 0.562260 0.034862 0.213333
3 0.772162 0.532673 0.031565 0.157125
3 0.777234 0.530460 0.029846 0.162148
3 0.801965 0.526354 0.017140 0.145502
1 0.455537 0.567049 0.048993 0.207965
