1 0.417822 0.536341 0.035548 0.157760
3 0.538470 0.489983 0.020649 0.114542
1 0.499369 0.529672 0.026093 0.160991
1 0.596126 0.524987 0.026437 0.169676
3 0.639134 0.501785 0.025599 0.124415
1 0.278354 0.554063 0.068011 0.207351
2 0.353600 0.385410 0.027869 0.134515
3 0.522121 0.487701 0.018093 0.110968
1 0.601939 0.526171 0.025556 0.166847
1 0.609774 0.522613 0.018743 0.159467
3 0.736578 0.529249 0.024759 0.133454
1 0.503076 0.523208 0.024652 0.153031
1 0.175517 0.691604 0.068374 0.347968
3 0.614958 0.509024 0.019110 0.126896
3 0.530981 0.484015 0.020957 0.113243
