1 0.534081 0.521122 0.024392 0.145406
1 0.216376 0.541193 0.043812 0.169918
3 0.554106 0.482049 0.018256 0.095360
1 0.567524 0.537648 0.028016 0.164219
2 0.350785 0.386298 0.031268 0.138612
1 0.628644 0.542765 0.026183 0.146349
3 0.745652 0.498003 0.026296 0.119650
3 0.597265 0.508319 0.020853 0.119094
3 0.770887 0.529082 0.027747 0.130567
3 0.590680 0.501998 0.022779 0.124730
1 0.153382 0.538460 0.038247 0.163871
1 0.161271 0.779346 0.067502 0.422638
3 0.582814 0.497106 0.018475 0.123763
3 0.585545 0.508187 0.016435 0.124017
3 0.562768 0.527681 0.026277 0.163296
1 0.576636 0.529250 0.019185 0.159434
