1 0.431643 0.550582 0.037962 0.170924
1 0.344095 0.563363 0.038338 0.190839
1 0.534617 0.541915 0.026737 0.185107
1 0.318090 0.551264 0.023094 0.161370
2 0.352336 0.386623 0.028598 0.135549
1 0.507446 0.570923 0.032963 0.215167
3 0.608584 0.496839 0.019916 0.127895
3 0.593340 0.515889 0.020824 0.125089
1 0.484880 0.560412 0.030052 0.206277
3 0.659438 0.507623 0.023818 0.109376
3 0.567986 0.500402 0.026663 0.127688
3 0.627859 0.508248 0.024948 0.126501
1 0.312347 0.552274 0.025144 0.160436
1 0.494628 0.567496 0.039987 0.215308
