1 0.442674 0.515322 0.028295 0.158781
1 0.617902 0.520881 0.031111 0.160850
1 0.586241 0.556705 0.027219 0.174620
3 0.654591 0.488479 0.020010 0.116570
2 0.470293 0.390890 0.031910 0.135497
3 0.847413 0.530758 0.034208 0.148310
3 0.709590 0.515986 0.033952 0.147864
1 0.590511 0.562937 0.023903 0.163905
3 0.671642 0.495421 0.021207 0.102013
1 0.574142 0.552314 0.023087 0.171567
1 0.730594 0.549175 0.026418 0.153154
3 0.790335 0.534643 0.049912 0.177497
3 0.791561 0.561042 0.051976 0.127157
1 0.504978 0.635331 0.055218 0.287157
3 0.784955 0.520185 0.032909 0.152482
