3 0.774211 0.530793 0.031645 0.145815
1 0.381666 0.544243 0.040488 0.158179
1 0.305852 0.584263 0.038171 0.217171
1 0.446342 0.530125 0.031455 0.166428
2 0.351792 0.386955 0.030971 0.141294
3 0.564572 0.507520 0.024429 0.133282
1 0.453229 0.538601 0.041854 0.160672
3 0.616805 0.491877 0.021146 0.106230
1 0.173502 0.666186 0.071605 0.323921
3 0.722078 0.501841 0.027029 0.125774
1 0.663174 0.536334 0.022483 0.163453
3 0.529797 0.485195 0.023874 0.123729
1 0.443335 0.524637 0.023422 0.157440
1 0.676841 0.510544 0.023635 0.140593
1 0.660154 0.544552 0.022991 0.146653
