1 0.282088 0.554353 0.034419 0.210163
1 0.671078 0.527011 0.027478 0.168719
1 0.644690 0.529935 0.029867 0.170453
1 0.531151 0.531581 0.032308 0.162090
3 0.882587 0.521514 0.024973 0.117824
3 0.769164 0.515709 0.023313 0.139183
2 0.471145 0.391705 0.030618 0.135511
1 0.569067 0.522651 0.032888 0.144025
0 0.500974 0.658490 0.019653 0.040136
3 0.803461 0.525737 0.031454 0.149743
3 0.752802 0.500158 0.021243 0.124358
3 0.708276 0.532777 0.035965 0.141816
1 0.473675 0.623683 0.066854 0.189137
1 0.649762 0.527643 0.024305 0.167919
