1 0.362080 0.548987 0.033941 0.201918
1 0.680312 0.535776 0.027096 0.149303
2 0.469377 0.390756 0.033793 0.135072
1 0.645151 0.522056 0.028661 0.167229
1 0.412556 0.528329 0.029905 0.151618
1 0.610551 0.518310 0.025529 0.151156
3 0.824758 0.526964 0.028878 0.142884
3 0.768060 0.501443 0.040916 0.107576
3 0.862257 0.539835 0.023244 0.134420
3 0.709542 0.509383 0.030097 0.122932
3 0.837818 0.522444 0.020593 0.147540
1 0.501073 0.612330 0.059047 0.323571
1 0.502936 0.582524 0.043424 0.257989
3 0.830977 0.519766 0.026937 0.141427
3 0.843261 0.522936 0.024086 0.134830
