1 0.582601 0.538697 0.030355 0.155433
1 0.541289 0.561203 0.031222 0.205077
2 0.468571 0.387647 0.031402 0.137145
3 0.717133 0.493520 0.027022 0.124490
3 0.745773 0.512701 0.022777 0.119629
3 0.829259 0.540599 0.022692 0.136634
3 0.664317 0.513917 0.023037 0.139288
1 0.560421 0.526808 0.023033 0.159013
1 0.567652 0.533424 0.021552 0.156594
3 0.768669 0.525185 0.025174 0.149078
3 0.812599 0.506961 0.025234 0.122230
3 0.825143 0.536937 0.026308 0.139162
3 0.749460 0.514152 0.019823 0.125399
1 0.521932 0.521797 0.024185 0.167149
