0 0.690595 0.292139 0.018106 0.038372
3 0.566224 0.493784 0.020457 0.107688
1 0.653277 0.547689 0.039427 0.152287
1 0.524502 0.582823 0.045551 0.195323
1 0.348781 0.565019 0.043764 0.204983
2 0.352985 0.385224 0.028533 0.136116
3 0.612983 0.520829 0.031374 0.149381
1 0.403199 0.544671 0.026790 0.153045
3 0.726206 0.548812 0.040855 0.141813
3 0.763890 0.543204 0.032845 0.170245
3 0.757657 0.525295 0.024355 0.129674
3 0.529194 0.496521 0.021368 0.108045
3 0.558861 0.496795 0.018134 0.107891
3 0.552327 0.526587 0.023672 0.157801
