1 0.422057 0.548208 0.035003 0.175266
1 0.534253 0.535921 0.025364 0.178605
2 0.351209 0.388224 0.031117 0.137571
1 0.352444 0.562415 0.040540 0.194782
3 0.564798 0.498859 0.020782 0.117699
3 0.589757 0.486679 0.022236 0.114357
1 0.490161 0.567525 0.050213 0.214833
3 0.662397 0.507927 0.022947 0.137910
3 0.637347 0.492693 0.022506 0.115260
1 0.330075 0.547826 0.029312 0.156156
3 0.569086 0.508944 0.026998 0.134016
3 0.688660 0.507701 0.023886 0.121992
3 0.576029 0.502633 0.018424 0.113080
1 0.518887 0.558745 0.022874 0.191896
1 0.334449 0.564145 0.025115 0.190822
3 0.573518 0.513501 0.021154 0.125966
