2 0.358998 0.388314 0.045472 0.143757
1 0.409262 0.528341 0.034267 0.163220
1 0.456893 0.584032 0.029990 0.177752
1 0.517955 0.514996 0.037106 0.164380
1 0.488947 0.536230 0.028840 0.166460
1 0.311898 0.576313 0.046088 0.228421
3 0.680803 0.528003 0.026265 0.150460
3 0.560207 0.497521 0.027336 0.126605
3 0.656680 0.528210 0.021657 0.133753
3 0.666476 0.510983 0.016859 0.144152
3 0.666396 0.485255 0.018298 0.098734
3 0.803669 0.516996 0.021578 0.114789
3 0.468920 0.487710 0.020580 0.103957
3 0.675054 0.527533 0.024617 0.148807
3 0.661209 0.522199 0.019439 0.144409
