2 0.351417 0.386287 0.031610 0.134689
3 0.672048 0.510149 0.023162 0.119629
3 0.705589 0.509599 0.024425 0.134660
1 0.385054 0.563759 0.033795 0.168025
3 0.526674 0.505769 0.022863 0.133375
3 0.556960 0.496866 0.022503 0.119752
1 0.281459 0.546984 0.038360 0.196194
1 0.593536 0.567573 0.033365 0.180556
1 0.508924 0.551346 0.033767 0.168801
1 0.196023 0.541146 0.044504 0.199825
1 0.372568 0.504953 0.029563 0.144188
0 0.643984 0.842066 0.027118 0.054071
3 0.667637 0.504268 0.023753 0.128218
3 0.645265 0.521020 0.025957 0.155516
3 0.656969 0.506137 0.018840 0.131677
1 0.380400 0.552122 0.033798 0.189119
3 0.643259 0.503493 0.020496 0.123229
