1 0.703005 0.541446 0.029143 0.174459
1 0.673763 0.568375 0.034770 0.179171
1 0.580198 0.519752 0.033306 0.168639
3 0.778205 0.504096 0.032889 0.128460
3 0.898221 0.521641 0.034284 0.123677
2 0.468744 0.390692 0.030557 0.133885
3 0.646294 0.491502 0.022120 0.102371
1 0.481039 0.568821 0.041939 0.217908
3 0.812389 0.519170 0.028556 0.137619
1 0.417687 0.520305 0.025659 0.143615
3 0.772731 0.503676 0.029348 0.125083
3 0.787021 0.505048 0.020974 0.131996
1 0.506541 0.561533 0.038544 0.194834
3 0.676590 0.487340 0.025953 0.099510
1 0.495401 0.566234 0.056641 0.210586
