1 0.547115 0.555966 0.042377 0.205718
1 0.717323 0.560132 0.053738 0.201406
1 0.455523 0.551058 0.037658 0.172058
1 0.580625 0.522203 0.031430 0.156770
2 0.467860 0.389908 0.030766 0.141477
1 0.409580 0.524381 0.041463 0.160405
3 0.882054 0.513845 0.026712 0.130565
1 0.660818 0.536475 0.043485 0.129879
3 0.607293 0.501004 0.021989 0.123430
3 0.834599 0.530041 0.033505 0.152176
3 0.767320 0.512065 0.020057 0.120214
3 0.699838 0.523938 0.021602 0.125086
3 0.707313 0.496466 0.018628 0.104681
3 0.753756 0.486913 0.019964 0.114117
3 0.761506 0.503806 0.018640 0.121851
3 0.764571 0.504744 0.022659 0.130751
