1 0.584933 0.521546 0.029749 0.154546
1 0.662412 0.532955 0.043844 0.150811
1 0.568251 0.611498 0.051621 0.205188
2 0.469538 0.393459 0.033572 0.138881
1 0.446373 0.568369 0.037777 0.207246
1 0.333047 0.527307 0.033626 0.167966
3 0.734288 0.506962 0.019907 0.129502
3 0.849606 0.528579 0.033581 0.146083
3 0.607529 0.501289 0.021211 0.129209
3 0.687075 0.508078 0.022793 0.112618
3 0.719495 0.506106 0.019554 0.122886
0 0.582402 0.393061 0.018480 0.033720
3 0.860580 0.526809 0.022791 0.139731
1 0.709174 0.538559 0.030217 0.162535
3 0.855540 0.530894 0.030602 0.146387
3 0.718725 0.519601 0.025347 0.163421
