1 0.654646 0.523535 0.027111 0.162833
1 0.322951 0.523574 0.030047 0.175494
1 0.437746 0.546903 0.027593 0.153500
1 0.687052 0.537028 0.028755 0.147646
1 0.625857 0.521314 0.025847 0.147056
3 0.714255 0.505525 0.028024 0.132348
2 0.469662 0.392414 0.033515 0.138550
3 0.860275 0.539044 0.022621 0.135303
3 0.845547 0.524977 0.020080 0.153118
3 0.762736 0.491946 0.032700 0.110791
3 0.830824 0.508935 0.022563 0.133075
1 0.247367 0.782318 0.076802 0.422765
3 0.834401 0.513586 0.023506 0.147844
3 0.857643 0.523267 0.024007 0.140411
0 0.267118 0.620344 0.024228 0.050706
3 0.708419 0.506577 0.020731 0.129389
