2 0.350671 0.386199 0.032357 0.139326
1 0.526254 0.526249 0.028482 0.149959
0 0.505974 0.665348 0.020009 0.039359
1 0.272359 0.642682 0.053886 0.232034
3 0.591147 0.516792 0.020839 0.122077
1 0.494957 0.525474 0.029724 0.167160
1 0.198964 0.566935 0.039042 0.220888
3 0.715176 0.519194 0.029037 0.140317
3 0.781124 0.503873 0.021067 0.111687
1 0.298558 0.529648 0.033011 0.161667
3 0.581434 0.509143 0.022290 0.133666
3 0.586894 0.511820 0.021440 0.129388
3 0.601850 0.473773 0.019200 0.093360
3 0.599006 0.494351 0.020270 0.129438
3 0.511610 0.477892 0.021147 0.106823
3 0.514703 0.491075 0.021702 0.135927
