1 0.691792 0.602530 0.041393 0.209634
1 0.591020 0.514835 0.029886 0.155225
3 0.846019 0.514859 0.029015 0.127594
1 0.532315 0.511821 0.031360 0.147758
1 0.635353 0.541470 0.028476 0.146772
1 0.109751 0.639380 0.097993 0.291350
2 0.468511 0.388157 0.031569 0.137022
1 0.451592 0.584119 0.046627 0.219999
3 0.870484 0.540860 0.027641 0.122367
3 0.759210 0.517071 0.018891 0.116512
3 0.608319 0.498778 0.021822 0.118383
3 0.627182 0.494179 0.025678 0.122537
3 0.748103 0.517133 0.020595 0.126461
3 0.762366 0.509336 0.017584 0.095284
