1 0.455066 0.523821 0.026073 0.136248
1 0.767553 0.558785 0.033576 0.176932
2 0.467333 0.387759 0.032279 0.131231
1 0.367413 0.533524 0.033068 0.165405
3 0.619134 0.499341 0.024271 0.132010
1 0.669717 0.510218 0.025685 0.159114
3 0.633936 0.510455 0.019020 0.139115
3 0.741965 0.512263 0.020200 0.112045
3 0.720425 0.519522 0.031939 0.115695
3 0.854192 0.548770 0.030787 0.131706
1 0.649414 0.520245 0.022409 0.154548
3 0.835596 0.525369 0.022701 0.111756
1 0.490776 0.501355 0.024216 0.133494
1 0.375865 0.523151 0.027776 0.150670
3 0.844968 0.539561 0.032348 0.134741
