1 0.647916 0.575891 0.039127 0.204968
1 0.389890 0.571323 0.042302 0.215484
1 0.421926 0.538824 0.027897 0.157143
1 0.611616 0.517902 0.027471 0.147961
3 0.746635 0.502525 0.032893 0.117169
1 0.681501 0.542703 0.031893 0.147323
2 0.468849 0.393329 0.030704 0.135798
3 0.630317 0.487483 0.020377 0.108356
3 0.830856 0.528877 0.032210 0.144484
3 0.885621 0.537432 0.026444 0.136561
1 0.652304 0.551473 0.025930 0.151725
1 0.660286 0.497526 0.019379 0.107082
1 0.664641 0.497929 0.017568 0.109807
1 0.657225 0.504027 0.021334 0.119039
1 0.667881 0.510723 0.023445 0.123507
3 0.820634 0.520246 0.024025 0.135607
3 0.812167 0.513142 0.022652 0.118578
