1 0.278999 0.534083 0.035167 0.162932
1 0.207808 0.565311 0.041363 0.219316
3 0.750312 0.504022 0.024731 0.106311
1 0.512201 0.516114 0.028742 0.164185
3 0.572246 0.502660 0.021139 0.133713
3 0.716111 0.518227 0.028034 0.138086
3 0.604783 0.484392 0.024253 0.115223
1 0.468748 0.524183 0.030230 0.157725
3 0.590604 0.516613 0.021324 0.127418
2 0.349931 0.385650 0.031799 0.139039
3 0.593810 0.507003 0.022641 0.127605
1 0.271944 0.670836 0.060453 0.175392
1 0.557536 0.536837 0.035247 0.146946
0 0.313109 0.719938 0.022366 0.040170
3 0.563901 0.521082 0.036200 0.171666
