1 0.570491 0.538940 0.024782 0.151138
1 0.306872 0.544442 0.036616 0.197348
2 0.351153 0.387462 0.030217 0.136873
1 0.492251 0.526784 0.035351 0.170367
1 0.217177 0.542517 0.031698 0.172826
3 0.566147 0.473359 0.025715 0.094700
1 0.082493 0.705539 0.078404 0.365496
1 0.460453 0.516695 0.023816 0.146635
3 0.594425 0.499299 0.019501 0.122752
3 0.751173 0.530790 0.027168 0.120891
3 0.611018 0.503790 0.020741 0.130772
3 0.754917 0.513699 0.027935 0.146663
3 0.514179 0.486396 0.016586 0.100880
3 0.755847 0.497866 0.023808 0.116945
