1 0.648075 0.521208 0.028160 0.153716
2 0.466604 0.387289 0.031259 0.134999
1 0.511231 0.654040 0.043395 0.259080
1 0.391568 0.540933 0.032455 0.191799
3 0.751217 0.533493 0.031451 0.161380
1 0.674726 0.527383 0.023030 0.151711
3 0.707902 0.490443 0.026676 0.119351
3 0.618394 0.491799 0.023085 0.103130
3 0.881734 0.532040 0.024212 0.143909
1 0.404852 0.532063 0.023530 0.158648
1 0.519699 0.526315 0.028360 0.139671
1 0.506211 0.515634 0.024004 0.126819
3 0.900867 0.516499 0.023771 0.111848
1 0.514013 0.518861 0.030190 0.134030
1 0.514468 0.527851 0.037080 0.166598
