1 0.602926 0.535087 0.035819 0.158178
1 0.468417 0.542020 0.033654 0.185832
2 0.470972 0.392489 0.031780 0.132158
1 0.442475 0.534007 0.026028 0.148853
3 0.813955 0.550622 0.033770 0.158742
3 0.782136 0.539860 0.022529 0.150782
3 0.901039 0.534290 0.026903 0.120796
1 0.651440 0.558557 0.070098 0.193837
1 0.769103 0.545715 0.035953 0.168815
3 0.570109 0.504128 0.025471 0.132631
3 0.750728 0.503712 0.028373 0.111986
1 0.456463 0.538089 0.022025 0.168722
3 0.782943 0.522610 0.019765 0.118459
1 0.453672 0.526845 0.023535 0.155623
3 0.663933 0.481934 0.022090 0.085297
1 0.663344 0.556283 0.045548 0.192744
