0 0.081226 0.421365 0.024105 0.044084
1 0.470106 0.548958 0.039993 0.197658
1 0.598305 0.529912 0.024457 0.150281
1 0.298375 0.533995 0.031605 0.161651
2 0.427031 0.383074 0.029796 0.141262
3 0.738899 0.501703 0.036290 0.119471
1 0.044022 0.588351 0.088045 0.278332
3 0.621791 0.501367 0.021318 0.117294
1 0.577247 0.514703 0.023671 0.155877
3 0.666153 0.484921 0.024462 0.101578
3 0.560594 0.488044 0.017974 0.114541
3 0.817091 0.519874 0.024070 0.148598
3 0.812420 0.520679 0.029144 0.151390
1 0.568756 0.512491 0.025606 0.155130
3 0.807371 0.517675 0.025326 0.150058
1 0.564241 0.510422 0.021805 0.160961
