1 0.332794 0.547348 0.038019 0.186607
1 0.142423 0.729534 0.089234 0.382459
1 0.283125 0.534011 0.032319 0.160112
1 0.591687 0.529137 0.023693 0.172014
3 0.580656 0.499311 0.019967 0.113386
2 0.351221 0.386112 0.029430 0.136183
1 0.541649 0.526693 0.023696 0.149804
3 0.667457 0.491976 0.024902 0.117194
3 0.757498 0.529055 0.028037 0.128104
3 0.735423 0.502156 0.027015 0.128742
3 0.564236 0.475864 0.017021 0.088088
1 0.565142 0.544411 0.025659 0.153379
3 0.745353 0.516707 0.023230 0.137085
1 0.142205 0.741145 0.061417 0.374603
3 0.585947 0.518994 0.019267 0.157554
