3 0.742021 0.504959 0.023592 0.118467
1 0.591298 0.574466 0.033159 0.198846
1 0.584945 0.574398 0.034509 0.201145
1 0.280931 0.555971 0.040704 0.206522
2 0.352720 0.384033 0.028142 0.129876
3 0.651811 0.526946 0.035507 0.149337
3 0.713578 0.536158 0.042593 0.138639
1 0.373645 0.624345 0.055041 0.245044
3 0.450776 0.499907 0.032193 0.136615
1 0.256657 0.538628 0.023802 0.161347
3 0.666660 0.485870 0.023479 0.107413
1 0.365060 0.494047 0.023405 0.122430
1 0.597656 0.568232 0.027778 0.175828
3 0.618575 0.477497 0.019038 0.098242
