1 0.343272 0.549680 0.033341 0.190319
1 0.291760 0.540661 0.039187 0.164982
2 0.351844 0.386145 0.030703 0.134810
1 0.576838 0.570482 0.039695 0.196355
1 0.397346 0.563568 0.042209 0.219570
3 0.710347 0.533446 0.032461 0.161926
1 0.608145 0.573761 0.033931 0.179427
3 0.747589 0.506554 0.024938 0.117186
3 0.473369 0.501099 0.033267 0.133354
3 0.653051 0.485894 0.028144 0.114323
1 0.597653 0.574662 0.026693 0.197724
1 0.611288 0.560576 0.030026 0.151208
1 0.593673 0.570388 0.022882 0.193463
1 0.352889 0.526556 0.024025 0.149590
