1 0.564274 0.540545 0.026802 0.170573
1 0.185807 0.544794 0.032788 0.172337
1 0.628690 0.543794 0.025395 0.149796
1 0.533338 0.520667 0.026196 0.143241
3 0.595538 0.507287 0.021902 0.125354
2 0.351561 0.385969 0.029898 0.139541
3 0.555266 0.478724 0.019403 0.093257
3 0.580495 0.497383 0.019453 0.124698
3 0.740374 0.496762 0.026941 0.120653
1 0.144436 0.550654 0.039131 0.195114
3 0.772318 0.528240 0.027227 0.130911
3 0.590020 0.503113 0.024530 0.129788
3 0.637203 0.476178 0.025537 0.098916
1 0.160478 0.785611 0.073414 0.410906
3 0.583947 0.503870 0.017471 0.126977
