1 0.445945 0.546459 0.031285 0.187464
1 0.734303 0.570097 0.039018 0.207178
1 0.518331 0.547795 0.030506 0.160516
1 0.583925 0.574379 0.037878 0.199575
2 0.470185 0.391777 0.030663 0.134016
1 0.399577 0.529696 0.041087 0.162538
3 0.653499 0.518526 0.026710 0.145431
3 0.843864 0.508161 0.027338 0.129363
3 0.572233 0.490494 0.030318 0.109962
3 0.857401 0.543363 0.023437 0.138326
3 0.725292 0.503560 0.024618 0.118946
1 0.551792 0.557483 0.034495 0.168966
3 0.762885 0.480085 0.026017 0.108735
1 0.575085 0.572086 0.032372 0.202394
1 0.567919 0.565403 0.021162 0.187665
