3 0.592583 0.490551 0.021647 0.106544
1 0.466900 0.562935 0.032218 0.203981
1 0.236751 0.567184 0.039100 0.226508
1 0.291534 0.533135 0.028457 0.157213
1 0.616591 0.540377 0.029591 0.153143
3 0.632371 0.504671 0.021148 0.127308
1 0.559621 0.523217 0.030400 0.160793
1 0.489988 0.515872 0.025477 0.148312
2 0.351291 0.387418 0.030284 0.138102
3 0.541590 0.508182 0.022768 0.141966
3 0.727207 0.499146 0.023783 0.123058
3 0.718944 0.525552 0.028324 0.136223
3 0.724291 0.513752 0.025002 0.147174
1 0.474767 0.549022 0.022880 0.182100
3 0.622469 0.495589 0.016116 0.120315
