1 0.422065 0.560907 0.029451 0.197007
1 0.139925 0.549344 0.053726 0.216385
1 0.343956 0.540116 0.027213 0.184897
1 0.330549 0.533661 0.043322 0.175055
3 0.550490 0.519913 0.023100 0.127091
3 0.505649 0.507851 0.026066 0.133881
3 0.652637 0.495892 0.025258 0.123379
3 0.713814 0.508330 0.029034 0.133055
2 0.351064 0.387139 0.030934 0.139969
1 0.388375 0.556267 0.051136 0.204601
3 0.584715 0.473285 0.018556 0.088937
1 0.441995 0.530134 0.024624 0.143123
3 0.597707 0.514926 0.024050 0.140209
3 0.587871 0.477540 0.019060 0.093999
1 0.436146 0.554580 0.027629 0.188367
