1 0.365135 0.536011 0.030396 0.188398
1 0.510835 0.550900 0.032653 0.175617
3 0.861354 0.521843 0.033961 0.136378
1 0.709195 0.560891 0.043312 0.185304
1 0.554742 0.585148 0.046173 0.207415
1 0.392258 0.537394 0.025629 0.151909
2 0.471038 0.391827 0.031317 0.135166
1 0.472243 0.529745 0.031898 0.169854
3 0.807754 0.499926 0.022236 0.122543
3 0.599214 0.503390 0.027432 0.133145
3 0.829394 0.522556 0.027266 0.130748
3 0.753596 0.500247 0.021075 0.110676
3 0.742371 0.483589 0.018831 0.111556
3 0.746944 0.487273 0.025397 0.119958
