1 0.574497 0.558339 0.035191 0.188122
1 0.409382 0.550681 0.044408 0.196664
1 0.727231 0.535613 0.030496 0.167576
1 0.619289 0.525367 0.028011 0.154825
3 0.705116 0.515536 0.022572 0.129513
1 0.506242 0.613609 0.038080 0.289504
2 0.471055 0.390229 0.029729 0.130753
3 0.805858 0.510403 0.023954 0.124735
3 0.770314 0.526213 0.030380 0.149562
3 0.870306 0.515699 0.031176 0.129986
3 0.706251 0.499066 0.022746 0.101853
1 0.509596 0.575863 0.031784 0.218267
1 0.629809 0.504513 0.021916 0.124537
3 0.636877 0.487233 0.017365 0.105596
