1 0.254016 0.561631 0.038907 0.203935
1 0.543295 0.561203 0.034029 0.167267
1 0.283362 0.514623 0.028986 0.171617
3 0.576955 0.491340 0.029921 0.122672
3 0.654219 0.509501 0.033957 0.100515
3 0.528990 0.509745 0.024528 0.148966
3 0.731357 0.498662 0.023700 0.115606
1 0.381207 0.659902 0.060618 0.280042
3 0.752572 0.511639 0.030361 0.135507
2 0.350153 0.386412 0.033639 0.137734
0 0.404214 0.601878 0.024275 0.042061
1 0.489978 0.515040 0.029356 0.149600
3 0.499508 0.506299 0.024771 0.134721
3 0.493478 0.514453 0.030634 0.146170
