1 0.291642 0.545516 0.033750 0.203095
1 0.564255 0.581569 0.037405 0.213705
1 0.366063 0.555732 0.036103 0.172793
1 0.516076 0.521731 0.026709 0.136993
2 0.351102 0.388133 0.030545 0.140455
3 0.731556 0.502299 0.023857 0.132351
3 0.495261 0.492258 0.024398 0.117512
3 0.663111 0.497459 0.021381 0.123713
3 0.682162 0.528785 0.026593 0.137253
1 0.340567 0.504614 0.021496 0.134284
1 0.318728 0.527839 0.025580 0.148415
1 0.332516 0.518093 0.027315 0.150853
3 0.593680 0.476974 0.024575 0.110591
1 0.336720 0.512876 0.028157 0.163108
