3 0.907512 0.526091 0.022289 0.117476
1 0.629112 0.579619 0.039193 0.175270
2 0.470439 0.392678 0.031432 0.137237
1 0.496958 0.558706 0.056746 0.193662
3 0.783255 0.495888 0.023339 0.114936
3 0.715855 0.523936 0.028117 0.140168
1 0.424716 0.551699 0.033707 0.186706
1 0.402963 0.555930 0.030970 0.191997
3 0.797316 0.538294 0.038980 0.156326
1 0.487754 0.557059 0.039470 0.198012
3 0.563376 0.506092 0.029432 0.136473
3 0.735687 0.483389 0.016828 0.096212
1 0.412636 0.554248 0.026501 0.195214
3 0.784740 0.520956 0.029577 0.173769
1 0.467000 0.506461 0.024017 0.150867
3 0.792544 0.526365 0.042573 0.172353
