1 0.425219 0.568320 0.036746 0.209450
1 0.451233 0.517815 0.026799 0.141842
2 0.351113 0.386480 0.030818 0.139875
1 0.553650 0.518588 0.021659 0.156414
1 0.540709 0.556840 0.031772 0.158268
1 0.383613 0.528970 0.030473 0.147770
3 0.663106 0.506459 0.024379 0.130666
3 0.681928 0.530069 0.023144 0.129454
3 0.495473 0.503371 0.029410 0.135546
1 0.251287 0.572839 0.054351 0.219358
3 0.596901 0.500574 0.020113 0.123793
3 0.614085 0.506906 0.022182 0.126599
3 0.671779 0.517295 0.031053 0.144544
1 0.549514 0.536882 0.027458 0.145159
3 0.527835 0.508481 0.026501 0.137019
1 0.552274 0.541884 0.020934 0.131227
3 0.609891 0.507138 0.024788 0.128264
3 0.677446 0.523769 0.030681 0.146019
