1 0.460682 0.569835 0.033624 0.173967
1 0.427364 0.517029 0.029113 0.152853
1 0.566871 0.570643 0.033864 0.200576
1 0.387822 0.537951 0.036263 0.175735
3 0.905212 0.522631 0.032035 0.136326
1 0.620857 0.583455 0.050010 0.229896
2 0.466350 0.394304 0.027684 0.127495
3 0.769991 0.537886 0.023909 0.146122
1 0.676169 0.534863 0.026579 0.148644
3 0.794166 0.508932 0.022419 0.125043
3 0.761218 0.483851 0.024365 0.096996
3 0.765563 0.532612 0.028747 0.153016
3 0.764491 0.510764 0.027639 0.150006
3 0.649025 0.518050 0.025122 0.146629
