1 0.270911 0.547310 0.039280 0.208815
3 0.755327 0.501388 0.027909 0.131704
3 0.645618 0.506952 0.022573 0.140542
3 0.828845 0.522270 0.025652 0.134994
2 0.468350 0.392067 0.032070 0.136722
1 0.670167 0.529398 0.028318 0.164744
1 0.625013 0.539409 0.029069 0.152620
1 0.718803 0.547990 0.037320 0.167764
1 0.406955 0.641232 0.047049 0.286203
3 0.870651 0.539874 0.029547 0.134024
1 0.451155 0.541801 0.035048 0.121789
3 0.715234 0.475183 0.026671 0.083870
1 0.445106 0.542377 0.028695 0.122217
3 0.669397 0.504525 0.023034 0.119403
