1 0.698795 0.566450 0.040473 0.206219
1 0.396365 0.529127 0.032940 0.170672
1 0.578369 0.566873 0.056625 0.197898
1 0.480222 0.560746 0.042671 0.148599
2 0.468359 0.391637 0.031369 0.136583
3 0.881697 0.514295 0.027384 0.134153
1 0.444879 0.511098 0.031592 0.149311
3 0.795805 0.494969 0.022638 0.120816
3 0.670405 0.515528 0.023247 0.141694
3 0.783804 0.510922 0.024880 0.113563
3 0.844566 0.533270 0.030267 0.153794
1 0.649787 0.528863 0.023850 0.138845
3 0.603235 0.495499 0.022880 0.107559
3 0.798556 0.475467 0.023673 0.114712
