1 0.317625 0.547227 0.034208 0.185685
1 0.480346 0.542067 0.036643 0.159276
1 0.280877 0.594968 0.036674 0.242370
2 0.342440 0.382940 0.045431 0.150144
1 0.453044 0.515896 0.031035 0.162375
1 0.342046 0.508542 0.024497 0.152623
3 0.620022 0.500366 0.025178 0.114818
3 0.532298 0.498684 0.023916 0.132316
3 0.508165 0.500118 0.026667 0.133806
3 0.687244 0.504106 0.027480 0.132692
3 0.595715 0.503495 0.027159 0.126205
3 0.709613 0.523624 0.028040 0.134358
2 0.348557 0.384420 0.032582 0.141027
2 0.328524 0.358485 0.021710 0.108882
