1 0.552632 0.519494 0.026803 0.161465
1 0.603319 0.558313 0.033418 0.157090
3 0.642813 0.507170 0.022194 0.123946
3 0.517732 0.491092 0.021349 0.112434
3 0.579806 0.487235 0.022314 0.103596
2 0.350910 0.385130 0.031034 0.137558
3 0.666076 0.497805 0.025146 0.122428
1 0.331610 0.528854 0.033773 0.145183
3 0.500980 0.505661 0.021819 0.133375
1 0.213677 0.638595 0.071473 0.300784
1 0.481357 0.515298 0.024881 0.149147
3 0.714163 0.529440 0.026512 0.083500
1 0.237127 0.562828 0.037286 0.196429
3 0.501744 0.489927 0.018219 0.109389
