1 0.292272 0.546689 0.043430 0.189787
1 0.570892 0.541596 0.032246 0.178518
1 0.418706 0.517744 0.028589 0.165532
1 0.341348 0.550083 0.029612 0.203608
3 0.666029 0.504871 0.020458 0.124582
2 0.351747 0.386343 0.030032 0.141015
1 0.453447 0.547116 0.032580 0.175114
3 0.535186 0.500433 0.029602 0.136013
3 0.605707 0.499857 0.020660 0.107801
3 0.688431 0.503934 0.021309 0.126582
3 0.644546 0.500863 0.024857 0.120273
1 0.328326 0.537805 0.022943 0.173069
3 0.658378 0.503494 0.019607 0.122106
1 0.325520 0.526757 0.025863 0.146529
