1 0.753851 0.557186 0.039534 0.187103
1 0.620811 0.541454 0.033371 0.166225
1 0.662412 0.556127 0.031628 0.172845
1 0.487360 0.557818 0.035976 0.166979
3 0.693307 0.495771 0.026175 0.123814
1 0.431422 0.557995 0.050726 0.203697
3 0.720062 0.500255 0.022489 0.112681
3 0.741024 0.483631 0.020720 0.100547
2 0.468246 0.389272 0.031672 0.129378
1 0.578343 0.629800 0.057819 0.263891
3 0.860406 0.514338 0.032771 0.132300
3 0.894352 0.541203 0.030431 0.139589
3 0.766684 0.495765 0.022202 0.120119
3 0.898538 0.540627 0.022538 0.133461
