1 0.380445 0.523609 0.042938 0.172817
1 0.331370 0.545428 0.033310 0.185830
1 0.203381 0.523273 0.032057 0.177438
3 0.647703 0.511255 0.025187 0.136400
3 0.668229 0.517716 0.022591 0.119037
3 0.614277 0.505142 0.031440 0.131820
2 0.350905 0.386840 0.033045 0.135434
1 0.484598 0.560009 0.023590 0.172337
3 0.715502 0.509731 0.027197 0.133405
1 0.462557 0.558520 0.031504 0.182640
3 0.567217 0.505942 0.018606 0.117969
1 0.444388 0.520126 0.024942 0.152961
3 0.552689 0.507455 0.020156 0.132898
3 0.563358 0.504946 0.019444 0.128430
1 0.467933 0.552191 0.026578 0.167512
