1 0.325398 0.555641 0.037425 0.205747
1 0.489618 0.517541 0.029050 0.153118
1 0.583158 0.546469 0.034399 0.174218
1 0.621417 0.544415 0.042055 0.169787
1 0.516623 0.537746 0.026401 0.143238
1 0.545480 0.519480 0.033121 0.157782
3 0.821141 0.510016 0.021597 0.119355
2 0.469098 0.389924 0.031534 0.135010
3 0.707162 0.495738 0.024728 0.118680
3 0.663096 0.501175 0.025314 0.133304
3 0.757581 0.528258 0.029817 0.135141
3 0.803777 0.514429 0.023519 0.132104
3 0.731913 0.513221 0.025621 0.144798
3 0.811476 0.512448 0.023440 0.129814
