1 0.560052 0.556453 0.035248 0.182845
2 0.351492 0.390763 0.030938 0.146781
1 0.241830 0.545764 0.042444 0.205523
1 0.460596 0.580991 0.039498 0.224680
1 0.354334 0.554037 0.028607 0.171236
0 0.502169 0.270729 0.019382 0.040321
1 0.282704 0.525483 0.032057 0.169816
1 0.582239 0.533564 0.031433 0.145560
3 0.745457 0.508960 0.034452 0.133963
3 0.656450 0.537627 0.025497 0.135527
3 0.641080 0.499389 0.023254 0.115819
3 0.605537 0.476144 0.020495 0.098672
3 0.646298 0.524199 0.028873 0.153773
3 0.566963 0.485525 0.019743 0.091586
