1 0.413741 0.571814 0.038974 0.211937
1 0.370995 0.541593 0.031288 0.178966
1 0.505939 0.533897 0.032740 0.153072
1 0.542319 0.557690 0.026568 0.161299
3 0.614540 0.529691 0.044890 0.134083
3 0.579421 0.489785 0.024503 0.125347
3 0.678186 0.531272 0.030031 0.151310
3 0.656951 0.492804 0.027139 0.115279
1 0.460010 0.516033 0.029196 0.158666
1 0.449580 0.512314 0.023760 0.154405
1 0.466136 0.513506 0.026628 0.148455
2 0.350979 0.387116 0.029474 0.141733
2 0.344086 0.390128 0.043203 0.139899
3 0.664020 0.512875 0.016765 0.147066
