0 0.154827 0.670668 0.027506 0.063018
3 0.542672 0.489610 0.020416 0.110001
1 0.571587 0.530709 0.021523 0.159558
1 0.250372 0.524833 0.042575 0.181016
1 0.361274 0.550502 0.041817 0.169784
3 0.756954 0.526314 0.023740 0.124609
2 0.351148 0.386758 0.031454 0.141131
1 0.525167 0.523462 0.026303 0.151141
3 0.589156 0.487184 0.017818 0.109768
3 0.727016 0.503984 0.024851 0.125129
3 0.606828 0.507062 0.024655 0.129893
3 0.585807 0.474719 0.019265 0.094527
1 0.105700 0.763202 0.074983 0.425116
1 0.532741 0.529412 0.024777 0.155597
1 0.537279 0.523977 0.020349 0.168571
3 0.595990 0.502463 0.019265 0.133884
