0 0.667519 0.600069 0.021377 0.039340
1 0.314616 0.548407 0.041549 0.193062
1 0.450125 0.514845 0.032076 0.157529
1 0.230486 0.516358 0.041653 0.178622
1 0.516834 0.559342 0.027298 0.154867
1 0.408543 0.506010 0.035361 0.149706
3 0.663027 0.501378 0.022215 0.119812
2 0.355089 0.385742 0.035162 0.133470
3 0.585295 0.491274 0.026270 0.121114
1 0.488166 0.540808 0.029681 0.158416
3 0.766617 0.501325 0.024617 0.121162
3 0.601605 0.516472 0.032006 0.148519
3 0.521104 0.496641 0.032631 0.119440
3 0.592417 0.500605 0.027248 0.140760
