1 0.522012 0.604598 0.045237 0.207037
3 0.762811 0.535394 0.030105 0.138895
1 0.579841 0.534675 0.024170 0.156859
2 0.470992 0.391366 0.030782 0.136309
1 0.611576 0.527846 0.022322 0.164339
1 0.395485 0.573950 0.059727 0.231887
1 0.594630 0.534912 0.024480 0.154976
1 0.633892 0.525568 0.028190 0.163105
3 0.719793 0.505500 0.029484 0.130903
3 0.887395 0.525947 0.032253 0.130052
3 0.793795 0.534900 0.030968 0.151365
3 0.778121 0.517517 0.021277 0.146152
3 0.773412 0.518471 0.022259 0.155273
3 0.783101 0.528383 0.027930 0.156878
3 0.592967 0.503139 0.020260 0.138651
3 0.788200 0.532476 0.027331 0.157999
3 0.593466 0.477405 0.019219 0.086616
