1 0.495258 0.617493 0.038988 0.219235
3 0.874970 0.520402 0.028415 0.122834
1 0.325482 0.565454 0.050416 0.222041
1 0.650388 0.529442 0.038691 0.163524
2 0.471247 0.390807 0.029588 0.135900
1 0.567032 0.528437 0.028550 0.155551
3 0.761447 0.493052 0.019498 0.113356
3 0.744331 0.523494 0.030173 0.162769
3 0.751615 0.516043 0.025230 0.149978
3 0.758788 0.502599 0.020032 0.124626
3 0.797695 0.531965 0.032109 0.150704
3 0.742507 0.504984 0.022092 0.128554
3 0.629245 0.489547 0.021972 0.108832
1 0.635263 0.527223 0.027252 0.169569
