1 0.566996 0.529117 0.023788 0.164932
1 0.147041 0.566569 0.043044 0.228841
1 0.230219 0.548001 0.031777 0.169911
1 0.503866 0.523804 0.026895 0.158329
1 0.634920 0.546492 0.031882 0.154928
3 0.583134 0.497076 0.023518 0.130078
3 0.543697 0.484669 0.021733 0.100052
3 0.731927 0.499570 0.024626 0.125279
3 0.753873 0.525760 0.024233 0.126475
3 0.603945 0.509274 0.021211 0.114029
3 0.650281 0.494234 0.028758 0.123933
2 0.346361 0.387143 0.037422 0.138738
3 0.595369 0.503872 0.016992 0.123901
3 0.600563 0.507853 0.020228 0.119287
1 0.073977 0.782064 0.076794 0.435872
3 0.587866 0.498948 0.020583 0.126922
