1 0.258695 0.557011 0.040780 0.207771
1 0.524462 0.522257 0.032302 0.147338
1 0.568578 0.526513 0.026835 0.160111
2 0.350908 0.386217 0.031467 0.138656
0 0.576802 0.278041 0.020701 0.035864
1 0.607695 0.537485 0.027924 0.148651
3 0.594639 0.506947 0.022276 0.129044
1 0.326673 0.543507 0.032104 0.160368
3 0.735437 0.505068 0.027995 0.117456
3 0.758883 0.529078 0.024648 0.126101
3 0.646631 0.494117 0.029092 0.099870
3 0.556010 0.499850 0.018193 0.124185
1 0.430598 0.651849 0.060492 0.273492
1 0.558987 0.513777 0.020425 0.143947
