1 0.452839 0.556862 0.031410 0.172273
1 0.534027 0.577882 0.038361 0.221570
3 0.706771 0.480869 0.023971 0.108214
3 0.916296 0.516223 0.027113 0.136551
1 0.765209 0.540158 0.038688 0.179108
2 0.469335 0.387551 0.029304 0.125236
3 0.866333 0.527876 0.027781 0.150186
3 0.642384 0.515776 0.027873 0.149054
1 0.422852 0.683572 0.052059 0.305584
1 0.561243 0.517445 0.025290 0.147816
1 0.418463 0.529237 0.033535 0.144550
3 0.611772 0.492539 0.022273 0.108879
1 0.416806 0.630886 0.042695 0.362150
3 0.777793 0.494770 0.019598 0.092887
