1 0.576811 0.538388 0.026942 0.157319
1 0.632970 0.551048 0.031442 0.193236
1 0.496159 0.542085 0.029922 0.182872
1 0.718925 0.548632 0.030386 0.174237
1 0.443851 0.536954 0.029373 0.148952
2 0.466613 0.392726 0.038744 0.136624
3 0.611858 0.497467 0.018806 0.124947
3 0.756491 0.506883 0.038997 0.122807
3 0.792790 0.542018 0.026577 0.163759
3 0.900467 0.532769 0.026090 0.122498
3 0.611574 0.481895 0.021696 0.095893
3 0.841396 0.554000 0.038956 0.169670
3 0.897885 0.532109 0.036865 0.123850
1 0.622333 0.537728 0.026884 0.152825
