0 0.639413 0.310835 0.017822 0.038764
1 0.277099 0.566441 0.039677 0.212060
2 0.350495 0.387696 0.032379 0.140477
1 0.405581 0.539670 0.028978 0.148490
3 0.698662 0.532057 0.032195 0.138671
1 0.619278 0.532282 0.035172 0.170460
1 0.432834 0.516682 0.036571 0.148721
3 0.530570 0.502261 0.027218 0.135202
1 0.551841 0.563803 0.037816 0.169657
3 0.660648 0.544066 0.019955 0.125173
3 0.557981 0.494589 0.023073 0.107553
1 0.635091 0.542791 0.025363 0.171770
3 0.656833 0.483185 0.022113 0.107186
3 0.657206 0.546851 0.021372 0.132987
1 0.414349 0.526938 0.040566 0.155175
