1 0.570178 0.575392 0.038908 0.176999
1 0.773844 0.542753 0.033059 0.176848
1 0.516680 0.536753 0.032811 0.152811
1 0.379013 0.558134 0.032548 0.195945
2 0.471278 0.391962 0.030208 0.132804
3 0.736775 0.497898 0.028328 0.123318
3 0.802318 0.534982 0.027344 0.143342
1 0.342514 0.552321 0.056159 0.205734
3 0.852134 0.520695 0.024986 0.122765
1 0.591919 0.517919 0.025106 0.152562
3 0.630683 0.497547 0.022668 0.126272
3 0.654050 0.513182 0.022014 0.134554
3 0.668855 0.499358 0.018178 0.113701
1 0.583324 0.537860 0.021047 0.141647
