0 0.503629 0.725298 0.023730 0.057966
1 0.370020 0.532401 0.031221 0.180522
1 0.654415 0.521842 0.029606 0.155971
1 0.403025 0.525899 0.026923 0.147436
3 0.622752 0.491831 0.024172 0.104384
3 0.707920 0.487341 0.022348 0.113020
1 0.683628 0.530006 0.026804 0.154681
2 0.467859 0.391720 0.032435 0.138376
3 0.833510 0.527453 0.034426 0.146562
3 0.767564 0.502960 0.021801 0.120334
3 0.741522 0.533728 0.027575 0.161271
1 0.487783 0.548391 0.034792 0.166158
1 0.475303 0.663064 0.050273 0.257386
3 0.913196 0.512127 0.031038 0.125640
