1 0.451121 0.565772 0.045662 0.205333
2 0.469521 0.388830 0.034358 0.132698
1 0.599842 0.572646 0.039910 0.167826
3 0.697665 0.520638 0.026440 0.133715
1 0.491800 0.561533 0.041036 0.162112
3 0.764332 0.535315 0.032096 0.157027
3 0.569526 0.505415 0.024960 0.132748
1 0.410445 0.535392 0.037524 0.168113
3 0.781460 0.496302 0.020639 0.123329
3 0.901195 0.524487 0.021741 0.119781
3 0.719939 0.479092 0.024701 0.112275
1 0.590968 0.527566 0.022995 0.131945
1 0.477853 0.512176 0.024335 0.147332
3 0.768056 0.531848 0.021452 0.148638
1 0.486397 0.533399 0.040680 0.202091
