1 0.709532 0.539626 0.030102 0.169043
1 0.517340 0.578231 0.036531 0.221321
3 0.779461 0.522096 0.021851 0.150841
1 0.370109 0.545317 0.037777 0.189214
2 0.462776 0.391608 0.037761 0.141330
1 0.542711 0.636162 0.045290 0.244155
3 0.624454 0.492143 0.026214 0.102393
1 0.503219 0.557853 0.024281 0.200918
3 0.902286 0.513725 0.030281 0.127486
3 0.747415 0.527920 0.022783 0.152861
3 0.710890 0.463692 0.025803 0.072921
1 0.758848 0.536448 0.023514 0.172988
0 0.673247 0.673296 0.022501 0.038161
1 0.749005 0.536184 0.022842 0.173317
1 0.754359 0.538301 0.026153 0.173671
