1 0.355810 0.528788 0.029898 0.177076
1 0.503873 0.512620 0.024596 0.143082
3 0.698280 0.503979 0.034583 0.115237
2 0.352182 0.386154 0.030518 0.137195
1 0.617225 0.571055 0.035793 0.165181
1 0.573546 0.523035 0.025904 0.152707
3 0.595619 0.491261 0.021144 0.122361
3 0.611185 0.490740 0.020369 0.110116
3 0.538879 0.485322 0.018875 0.096929
3 0.746596 0.515226 0.038144 0.127378
1 0.385082 0.534857 0.031910 0.145662
1 0.498224 0.512260 0.028395 0.147053
1 0.492268 0.510604 0.020682 0.147479
3 0.588970 0.477955 0.017649 0.101779
