1 0.278078 0.543580 0.034586 0.196125
2 0.355874 0.390085 0.037593 0.146416
1 0.378738 0.536957 0.025949 0.150537
3 0.709688 0.513655 0.034175 0.140698
3 0.555375 0.505621 0.020810 0.129589
3 0.621695 0.501502 0.027604 0.116264
1 0.346139 0.621980 0.053962 0.258208
1 0.539006 0.527087 0.026839 0.167119
3 0.671866 0.515690 0.022393 0.136829
3 0.522157 0.483182 0.018764 0.110739
3 0.675107 0.525643 0.025648 0.138011
1 0.506233 0.517284 0.023305 0.150214
3 0.679036 0.529352 0.024183 0.134573
1 0.522022 0.521721 0.022115 0.172105
3 0.669208 0.505264 0.020718 0.128157
