1 0.448253 0.549533 0.039751 0.199885
1 0.596532 0.565184 0.036575 0.177227
2 0.356269 0.386297 0.035149 0.136010
1 0.544935 0.550988 0.032619 0.168701
3 0.527782 0.496021 0.022953 0.130200
3 0.663699 0.498028 0.025545 0.124570
3 0.717899 0.519889 0.022261 0.136489
3 0.740576 0.523285 0.029897 0.136594
1 0.473458 0.525436 0.023381 0.152501
1 0.477122 0.520732 0.024125 0.156788
1 0.484049 0.519268 0.024589 0.152987
1 0.489482 0.513206 0.025425 0.155810
3 0.703011 0.518395 0.021670 0.143084
3 0.580893 0.489217 0.023840 0.101275
