1 0.604148 0.578197 0.035444 0.180981
1 0.390087 0.572394 0.041617 0.227484
1 0.569696 0.571630 0.038851 0.195659
2 0.352277 0.383767 0.029032 0.130234
1 0.282875 0.555744 0.040142 0.206506
3 0.637423 0.526187 0.029405 0.150591
1 0.336993 0.506564 0.033933 0.158732
3 0.754738 0.505085 0.023872 0.122656
3 0.665981 0.484173 0.024738 0.103228
3 0.470668 0.500245 0.033598 0.139356
1 0.256953 0.538955 0.025438 0.165032
3 0.692030 0.535244 0.031899 0.149978
3 0.613770 0.470392 0.017919 0.086043
1 0.276070 0.553905 0.036485 0.198545
