1 0.437009 0.525253 0.043633 0.155384
1 0.583789 0.525695 0.026030 0.172050
2 0.352614 0.386451 0.029786 0.137938
1 0.301613 0.553265 0.044497 0.166304
3 0.773427 0.529281 0.027390 0.124918
1 0.633550 0.538776 0.032871 0.154026
3 0.560808 0.486730 0.019719 0.107575
3 0.715047 0.500760 0.025670 0.129759
1 0.247112 0.560051 0.042042 0.222207
3 0.579836 0.504237 0.018831 0.118114
3 0.597029 0.498953 0.019427 0.120490
3 0.580593 0.525225 0.020801 0.163466
2 0.041098 0.490147 0.031161 0.134974
1 0.043234 0.770125 0.085455 0.422549
