1 0.472257 0.538897 0.025121 0.160403
1 0.380350 0.570951 0.067191 0.204008
1 0.602855 0.543338 0.027644 0.143054
1 0.482484 0.539379 0.033440 0.159804
2 0.352936 0.386865 0.027829 0.135378
3 0.552550 0.508781 0.021461 0.136798
1 0.249837 0.534977 0.049510 0.193665
1 0.621608 0.531632 0.026033 0.161640
3 0.569485 0.506368 0.019669 0.133307
3 0.581484 0.490478 0.017604 0.110186
3 0.688297 0.524849 0.031313 0.148873
3 0.648203 0.499998 0.028181 0.105702
1 0.650749 0.501077 0.027249 0.109929
3 0.561360 0.503763 0.020263 0.134947
