1 0.344867 0.546493 0.029337 0.197781
2 0.351619 0.385850 0.030306 0.134829
1 0.593966 0.578105 0.030507 0.183238
1 0.394302 0.560528 0.048546 0.218063
1 0.314071 0.543622 0.032030 0.159838
1 0.565254 0.566650 0.045349 0.196988
3 0.611577 0.525110 0.025056 0.156927
3 0.508819 0.500034 0.021839 0.132413
3 0.640905 0.486011 0.028085 0.116448
3 0.715618 0.528854 0.031450 0.161679
3 0.730543 0.509032 0.022991 0.129138
1 0.587454 0.571399 0.041044 0.201351
1 0.340466 0.546930 0.028745 0.184564
1 0.331765 0.532813 0.025319 0.181141
