1 0.437855 0.553413 0.031967 0.161488
1 0.531034 0.518599 0.029100 0.163624
1 0.483144 0.517632 0.025284 0.145545
1 0.261717 0.583600 0.038436 0.215025
1 0.223912 0.540819 0.032455 0.165520
3 0.595282 0.487457 0.021183 0.102162
3 0.500344 0.492237 0.024007 0.127387
2 0.350557 0.384282 0.029267 0.135069
3 0.721372 0.511478 0.024604 0.123473
3 0.703017 0.498331 0.021609 0.116273
3 0.614761 0.515545 0.032063 0.112134
3 0.710342 0.502568 0.020846 0.124360
0 0.014085 0.612938 0.026145 0.052476
3 0.716436 0.503322 0.023765 0.126573
1 0.488391 0.514684 0.024449 0.145078
