1 0.480445 0.537890 0.029539 0.162327
1 0.435077 0.569539 0.044691 0.169563
1 0.563015 0.578767 0.045978 0.187211
2 0.351294 0.385752 0.032844 0.134242
3 0.567627 0.496999 0.020413 0.113036
1 0.369930 0.512955 0.031283 0.163446
0 0.756499 0.882205 0.027888 0.058425
1 0.207558 0.538555 0.036729 0.195978
1 0.296265 0.545586 0.044841 0.194052
3 0.631312 0.504257 0.029233 0.133157
3 0.714036 0.514273 0.030485 0.140044
3 0.547033 0.497428 0.025291 0.121944
3 0.674515 0.519362 0.024131 0.145224
3 0.659492 0.515192 0.020687 0.135250
3 0.664954 0.519060 0.027401 0.148695
