1 0.302783 0.556704 0.044408 0.214648
1 0.719399 0.540585 0.032237 0.174732
1 0.655004 0.535287 0.023073 0.155508
3 0.678204 0.501736 0.020478 0.120142
3 0.871785 0.541541 0.028038 0.137376
1 0.459921 0.542998 0.032462 0.156971
2 0.467746 0.390699 0.033333 0.135118
1 0.630489 0.540207 0.023198 0.154675
3 0.771296 0.501219 0.027544 0.125656
3 0.855003 0.520764 0.024354 0.144710
3 0.719500 0.468509 0.024661 0.086745
1 0.433084 0.642046 0.043893 0.279278
3 0.860340 0.528339 0.027255 0.149490
1 0.442201 0.638164 0.066041 0.285279
3 0.673041 0.500567 0.020118 0.121700
3 0.668705 0.500484 0.016928 0.123809
