1 0.605854 0.536077 0.027832 0.149646
1 0.290418 0.543426 0.035073 0.170395
2 0.351353 0.386759 0.030247 0.136571
1 0.219652 0.554197 0.039679 0.207931
1 0.533279 0.522038 0.025075 0.146055
1 0.568072 0.522704 0.030080 0.166015
3 0.740223 0.499632 0.025474 0.125424
3 0.578031 0.507291 0.016521 0.126377
3 0.590194 0.506943 0.018631 0.118313
3 0.647752 0.493663 0.032052 0.101170
1 0.327277 0.703083 0.068400 0.316326
3 0.581711 0.507446 0.019387 0.131618
1 0.284067 0.565300 0.045727 0.204067
3 0.770230 0.528048 0.024323 0.125963
1 0.289166 0.599568 0.060973 0.137765
