0 0.137642 0.771933 0.030050 0.058027
3 0.607625 0.493490 0.022753 0.113597
3 0.542443 0.481111 0.020460 0.110962
2 0.351473 0.386719 0.029096 0.139012
1 0.588698 0.526573 0.026715 0.162315
1 0.398320 0.522946 0.042275 0.160637
3 0.714469 0.508929 0.026150 0.133566
3 0.561966 0.485242 0.019386 0.107560
3 0.772098 0.528395 0.026077 0.130338
1 0.301280 0.563004 0.048207 0.217901
1 0.617614 0.541281 0.024739 0.150577
1 0.343434 0.550788 0.028650 0.159244
1 0.187388 0.751349 0.083087 0.303306
3 0.610585 0.499667 0.021010 0.122016
