1 0.565973 0.567625 0.038156 0.200700
1 0.347349 0.556948 0.034557 0.206370
1 0.428430 0.576790 0.041053 0.182919
2 0.356374 0.386001 0.035506 0.140630
1 0.406066 0.501911 0.027942 0.130356
3 0.514900 0.489806 0.022288 0.115089
1 0.308588 0.541583 0.028515 0.176760
3 0.545095 0.508896 0.025775 0.139640
3 0.739093 0.505180 0.023885 0.134686
3 0.720286 0.537513 0.028335 0.125248
3 0.729241 0.517316 0.031754 0.154288
3 0.717024 0.500510 0.023996 0.134105
1 0.315925 0.539073 0.026727 0.175733
3 0.714106 0.490265 0.021483 0.113507
3 0.718761 0.519336 0.027596 0.164221
