1 0.654029 0.587719 0.032489 0.197414
1 0.556459 0.554884 0.033768 0.199844
1 0.416260 0.550754 0.035530 0.198431
2 0.468644 0.388040 0.031633 0.135678
1 0.458375 0.559623 0.032687 0.173814
1 0.599768 0.522889 0.038093 0.168415
3 0.698093 0.509863 0.029540 0.137120
1 0.632785 0.554416 0.029642 0.186474
3 0.678451 0.520895 0.022352 0.146574
3 0.883579 0.527283 0.028360 0.127463
3 0.790138 0.519125 0.026454 0.122560
3 0.734489 0.507456 0.022521 0.131893
3 0.743675 0.509701 0.022675 0.131589
3 0.739153 0.508414 0.027838 0.131601
1 0.650287 0.570857 0.032537 0.194614
1 0.628841 0.531877 0.029208 0.155487
