1 0.674595 0.556490 0.033610 0.193927
1 0.416762 0.553029 0.028742 0.200681
3 0.780790 0.511806 0.022264 0.128410
1 0.499473 0.524548 0.034231 0.161541
2 0.467684 0.389659 0.030500 0.133302
3 0.819617 0.518998 0.035183 0.124407
3 0.730306 0.505259 0.031310 0.136490
1 0.560348 0.570855 0.035068 0.202631
1 0.585486 0.557283 0.028431 0.177563
3 0.704755 0.492851 0.019849 0.105394
1 0.437665 0.532522 0.025437 0.152237
3 0.762291 0.503740 0.021494 0.119400
1 0.566017 0.570265 0.026746 0.197815
3 0.766036 0.499948 0.021239 0.122559
3 0.680467 0.469644 0.024343 0.078365
1 0.569157 0.556255 0.020514 0.170840
