1 0.570402 0.538565 0.027032 0.147598
1 0.530931 0.519144 0.032045 0.166133
3 0.593213 0.512720 0.022086 0.116253
2 0.349542 0.386478 0.033741 0.136113
3 0.655744 0.501805 0.038686 0.110722
1 0.490091 0.521102 0.023998 0.153295
3 0.749218 0.528358 0.029017 0.122073
3 0.720255 0.501962 0.029619 0.129401
1 0.263253 0.552422 0.044326 0.199471
1 0.293665 0.544081 0.030142 0.162709
3 0.564419 0.476998 0.019679 0.082843
1 0.256351 0.548044 0.035551 0.178527
3 0.569176 0.474103 0.025356 0.083314
1 0.215323 0.730016 0.112196 0.355570
3 0.570112 0.531099 0.025347 0.167119
1 0.233174 0.732477 0.074919 0.357046
3 0.724883 0.502037 0.026167 0.121177
3 0.576121 0.506532 0.019453 0.112445
