1 0.394288 0.511828 0.033354 0.162498
1 0.449194 0.562041 0.035395 0.166082
3 0.747849 0.526134 0.026831 0.128666
2 0.352445 0.387068 0.028826 0.137085
1 0.332986 0.555076 0.033144 0.189964
3 0.630159 0.499136 0.025583 0.116521
3 0.730823 0.497883 0.023480 0.115638
1 0.274323 0.648396 0.078317 0.295139
3 0.560917 0.485819 0.026778 0.119731
3 0.501925 0.502422 0.027310 0.138998
1 0.464143 0.510529 0.026576 0.155601
3 0.585671 0.515989 0.024294 0.139617
3 0.736367 0.512170 0.025443 0.135288
1 0.459439 0.519127 0.028443 0.169231
1 0.310104 0.540863 0.026777 0.170094
3 0.744299 0.516095 0.031615 0.138501
