1 0.469879 0.533915 0.032629 0.183564
1 0.508091 0.516405 0.027987 0.155724
1 0.598902 0.528051 0.029126 0.169256
1 0.562856 0.569357 0.037747 0.200328
2 0.469688 0.388927 0.033592 0.133016
1 0.531160 0.550695 0.027684 0.160643
3 0.697459 0.520117 0.032507 0.146207
1 0.671231 0.543297 0.031544 0.152687
3 0.736408 0.526519 0.024779 0.144767
3 0.833803 0.523798 0.032617 0.109416
3 0.662444 0.482908 0.020303 0.102858
3 0.753168 0.511065 0.018072 0.111168
3 0.665878 0.480306 0.023764 0.100697
1 0.896748 0.551186 0.036163 0.151025
