2 0.351680 0.387240 0.031088 0.137063
3 0.587127 0.519196 0.028711 0.144807
1 0.295312 0.557472 0.035804 0.199821
3 0.503931 0.505236 0.022924 0.117803
1 0.556514 0.536628 0.033173 0.140891
3 0.732181 0.508818 0.026872 0.131332
1 0.524861 0.548455 0.031093 0.170997
1 0.410991 0.529314 0.056572 0.149090
3 0.534104 0.507240 0.025667 0.138961
3 0.643348 0.503747 0.024368 0.124556
3 0.556772 0.475580 0.020568 0.094406
1 0.528431 0.530237 0.032886 0.196592
3 0.556076 0.486170 0.025864 0.114832
1 0.320095 0.502432 0.032293 0.138011
