1 0.321538 0.557318 0.033614 0.207781
1 0.469051 0.526968 0.025447 0.163184
1 0.502744 0.518147 0.031702 0.168463
1 0.542184 0.555668 0.027275 0.187182
3 0.715924 0.526315 0.029454 0.136968
2 0.469197 0.389771 0.030861 0.131627
3 0.809932 0.516377 0.032520 0.135792
3 0.854681 0.517250 0.025570 0.118035
3 0.689566 0.509761 0.020091 0.132945
3 0.735323 0.482203 0.020580 0.104330
1 0.559532 0.549235 0.023850 0.170954
3 0.675608 0.498016 0.017332 0.124258
1 0.563496 0.545398 0.021889 0.164462
3 0.683322 0.508021 0.023676 0.133239
