3 0.638331 0.506409 0.026623 0.121253
1 0.321487 0.607873 0.055069 0.249716
1 0.554367 0.520547 0.029379 0.161473
1 0.609348 0.556598 0.033692 0.158250
1 0.257510 0.571743 0.037339 0.212263
2 0.352283 0.386669 0.028311 0.137484
1 0.482510 0.515534 0.031726 0.150332
3 0.587639 0.503798 0.022086 0.133579
3 0.707344 0.519781 0.027901 0.112296
3 0.672222 0.500269 0.024726 0.122219
3 0.520989 0.489988 0.023482 0.109937
3 0.580924 0.507800 0.028203 0.140958
3 0.573358 0.498368 0.018621 0.145468
3 0.581305 0.462288 0.020700 0.070767
