1 0.527058 0.531625 0.029285 0.171899
2 0.469793 0.392697 0.034018 0.138741
1 0.482770 0.543734 0.030156 0.157092
1 0.596007 0.542085 0.027859 0.164891
1 0.623017 0.532018 0.025926 0.162222
3 0.644245 0.509805 0.023062 0.138096
1 0.559161 0.545474 0.026225 0.176851
3 0.750242 0.535576 0.046431 0.159734
3 0.901253 0.532067 0.029043 0.129008
1 0.564949 0.551920 0.034457 0.188780
3 0.815976 0.536043 0.039973 0.153088
3 0.611105 0.490158 0.018119 0.104528
3 0.651846 0.511598 0.026182 0.136941
3 0.615903 0.512954 0.020345 0.149733
