1 0.505516 0.569829 0.032301 0.172109
1 0.246190 0.541435 0.037880 0.169818
1 0.474825 0.508857 0.034309 0.152358
2 0.351131 0.386635 0.030664 0.135866
3 0.495472 0.489642 0.022693 0.118751
3 0.658204 0.501265 0.024641 0.117309
1 0.288743 0.567671 0.052749 0.186185
3 0.571283 0.518066 0.026301 0.140041
1 0.167343 0.673577 0.063322 0.340632
1 0.537841 0.513372 0.026002 0.150887
3 0.739373 0.512817 0.026222 0.130026
3 0.729324 0.498057 0.018707 0.111959
3 0.538963 0.502790 0.027775 0.161089
3 0.478034 0.505894 0.025960 0.149558
