0 0.158045 0.694825 0.025830 0.057808
1 0.532722 0.520880 0.028458 0.170348
1 0.556265 0.537624 0.027032 0.155811
1 0.293794 0.550847 0.036735 0.198548
3 0.654909 0.503588 0.039676 0.106358
2 0.350648 0.386383 0.031264 0.135998
3 0.570616 0.493398 0.024537 0.123482
1 0.491727 0.520394 0.025411 0.155836
3 0.748998 0.531078 0.030569 0.118861
3 0.728559 0.500934 0.023615 0.119411
1 0.549393 0.529045 0.027386 0.165026
3 0.591539 0.508520 0.020794 0.116196
3 0.581534 0.498408 0.015549 0.122962
1 0.113730 0.773811 0.093514 0.440254
3 0.587089 0.504978 0.019687 0.120728
1 0.536884 0.526301 0.026047 0.164195
3 0.575103 0.494185 0.021040 0.127523
1 0.051098 0.525062 0.036570 0.159406
3 0.566271 0.487624 0.021291 0.103559
