1 0.334926 0.573459 0.045145 0.213570
1 0.281325 0.537765 0.032596 0.164814
1 0.586493 0.561596 0.034205 0.166356
2 0.352152 0.387100 0.028981 0.139382
3 0.604342 0.499317 0.021316 0.117684
1 0.404563 0.596970 0.042558 0.199356
3 0.758208 0.517006 0.024401 0.117017
1 0.466567 0.511283 0.029848 0.153517
3 0.725663 0.502417 0.026290 0.123588
3 0.567125 0.504194 0.023780 0.123983
3 0.529177 0.485916 0.022960 0.117194
3 0.623397 0.515510 0.024289 0.104200
3 0.562339 0.519861 0.035468 0.169130
3 0.607799 0.504473 0.023740 0.127189
3 0.560779 0.563564 0.033050 0.081024
0 0.368812 0.700099 0.024237 0.050079
1 0.396688 0.607539 0.059332 0.224880
