2 0.467228 0.392112 0.034975 0.137811
3 0.779559 0.508187 0.036253 0.113602
1 0.646328 0.533364 0.032957 0.168734
1 0.443140 0.544125 0.031962 0.186069
1 0.704222 0.577496 0.046049 0.210358
1 0.650212 0.510396 0.031806 0.123243
3 0.617505 0.491876 0.021624 0.107744
3 0.878179 0.510639 0.025319 0.121934
1 0.464095 0.655661 0.065859 0.251372
3 0.854534 0.526129 0.023610 0.147141
3 0.711361 0.482177 0.024022 0.098966
1 0.636847 0.517876 0.024255 0.141626
1 0.696357 0.576846 0.037096 0.207436
1 0.643091 0.516355 0.026907 0.131565
1 0.465615 0.528743 0.025698 0.134285
