1 0.384442 0.517001 0.049270 0.152835
1 0.315207 0.567675 0.049245 0.190651
1 0.481350 0.565016 0.038862 0.209161
2 0.351643 0.387456 0.029707 0.138130
3 0.652615 0.524260 0.026555 0.136119
3 0.616160 0.491844 0.021505 0.114794
3 0.691268 0.531813 0.027959 0.131854
1 0.343583 0.547415 0.022899 0.143354
3 0.591016 0.505970 0.022776 0.132990
1 0.608151 0.537147 0.026890 0.145529
3 0.523810 0.504879 0.023241 0.135240
1 0.489197 0.533619 0.030461 0.170785
3 0.453373 0.479304 0.021685 0.091038
1 0.499701 0.517846 0.019065 0.160753
1 0.340949 0.551919 0.018608 0.173202
0 0.551453 0.328776 0.017005 0.027974
