1 0.434578 0.553577 0.036763 0.198982
1 0.357258 0.522463 0.033237 0.174456
2 0.472259 0.391890 0.038309 0.138078
1 0.544792 0.570789 0.034510 0.214753
3 0.658202 0.518320 0.030364 0.144401
1 0.694783 0.562890 0.054224 0.205888
3 0.864294 0.501255 0.028281 0.127870
1 0.529421 0.546000 0.026131 0.160911
1 0.554040 0.557429 0.024414 0.179124
3 0.750505 0.507295 0.023642 0.108000
3 0.890527 0.524809 0.026658 0.130519
1 0.532849 0.566342 0.032720 0.203975
3 0.577453 0.504960 0.028114 0.142224
1 0.538104 0.571834 0.034602 0.208834
1 0.549544 0.563243 0.027181 0.191842
