2 0.350813 0.386009 0.031160 0.138466
1 0.279454 0.536010 0.031609 0.158457
1 0.189769 0.546709 0.037690 0.196477
1 0.547883 0.535669 0.026390 0.144876
3 0.590124 0.497138 0.018677 0.128642
3 0.753834 0.528014 0.025106 0.127251
3 0.606893 0.507159 0.022906 0.130398
3 0.730872 0.501188 0.024271 0.121899
3 0.644850 0.491320 0.031435 0.101744
1 0.572250 0.530865 0.023355 0.157059
1 0.521329 0.520611 0.021603 0.143755
1 0.167617 0.757294 0.087182 0.413880
3 0.558135 0.496937 0.017602 0.096571
1 0.553414 0.533137 0.023139 0.154817
3 0.572927 0.504105 0.017842 0.135256
3 0.558663 0.522005 0.017351 0.144885
