1 0.580592 0.580987 0.033012 0.207854
1 0.662965 0.561883 0.036023 0.197029
1 0.618263 0.564101 0.031783 0.174043
1 0.752444 0.628962 0.033437 0.191308
1 0.542929 0.585605 0.031359 0.189038
3 0.730205 0.524947 0.022535 0.131342
1 0.417713 0.687016 0.048461 0.326151
2 0.351996 0.389315 0.029970 0.138343
3 0.691450 0.503045 0.024560 0.131999
3 0.695738 0.505281 0.023894 0.134147
3 0.774501 0.503889 0.022865 0.129108
0 0.380940 0.601196 0.026073 0.046753
3 0.682648 0.502692 0.019324 0.133633
1 0.397390 0.550865 0.045235 0.173902
