1 0.446966 0.541794 0.024683 0.145864
1 0.466829 0.519405 0.023218 0.148537
1 0.112086 0.583808 0.043171 0.251577
3 0.772186 0.533057 0.025952 0.133719
3 0.611449 0.501508 0.022322 0.129819
1 0.586470 0.527053 0.034684 0.169231
3 0.575523 0.495730 0.022082 0.117715
3 0.688867 0.497221 0.035386 0.115622
3 0.728036 0.511159 0.028546 0.135361
1 0.517627 0.535523 0.027039 0.150817
1 0.372785 0.628020 0.052451 0.264184
2 0.351518 0.385523 0.027330 0.135270
1 0.462521 0.527273 0.025073 0.153452
3 0.577768 0.478350 0.021944 0.099396
