1 0.676670 0.568337 0.036146 0.180598
1 0.512136 0.569100 0.041451 0.221634
1 0.411645 0.552199 0.054213 0.193304
2 0.469598 0.391021 0.033405 0.134559
1 0.634472 0.524829 0.031846 0.161950
3 0.756710 0.509403 0.029108 0.135928
3 0.838288 0.522858 0.024697 0.142054
3 0.855920 0.528062 0.029891 0.135034
3 0.847157 0.523558 0.044009 0.143559
1 0.693628 0.532369 0.022895 0.171692
3 0.613470 0.506638 0.023240 0.138523
3 0.738833 0.497908 0.028359 0.112259
3 0.734281 0.501504 0.031840 0.114358
3 0.644496 0.489949 0.016153 0.095543
3 0.744127 0.502495 0.047506 0.122676
