1 0.313353 0.566365 0.035308 0.200056
1 0.602774 0.558156 0.032513 0.158474
3 0.542731 0.517622 0.024800 0.125281
1 0.503442 0.514826 0.027845 0.152534
3 0.663774 0.516051 0.030584 0.116440
3 0.686391 0.499358 0.020397 0.131729
1 0.380377 0.515601 0.031936 0.156990
3 0.570607 0.497997 0.021227 0.113065
2 0.350286 0.384714 0.027577 0.136812
1 0.414279 0.591025 0.059322 0.228458
1 0.338606 0.539554 0.025811 0.148584
3 0.529200 0.516517 0.018538 0.124157
3 0.605587 0.489563 0.026754 0.105503
3 0.538132 0.515168 0.028192 0.125399
