3 0.564531 0.510091 0.019966 0.132144
1 0.479309 0.516680 0.028273 0.148086
3 0.669416 0.503794 0.035525 0.108071
3 0.755003 0.529129 0.025022 0.123640
1 0.604263 0.542262 0.027412 0.156197
1 0.546672 0.527009 0.024213 0.165315
3 0.733948 0.502375 0.022971 0.114134
1 0.251993 0.572780 0.040359 0.229174
2 0.348584 0.389725 0.035246 0.137511
1 0.431357 0.636301 0.063050 0.242081
1 0.258828 0.570128 0.035024 0.224386
3 0.590586 0.499129 0.018088 0.104743
3 0.742609 0.520489 0.020935 0.132896
3 0.587042 0.498567 0.019510 0.106522
