1 0.357369 0.525993 0.036114 0.185828
1 0.667822 0.531715 0.026708 0.162866
1 0.630417 0.536361 0.033262 0.151522
2 0.465681 0.391877 0.040172 0.135426
1 0.504873 0.590618 0.045199 0.215610
3 0.828345 0.539729 0.028011 0.139055
3 0.767468 0.502438 0.022576 0.130357
3 0.753723 0.524919 0.028513 0.146093
1 0.584204 0.516049 0.034226 0.149505
1 0.445316 0.542699 0.029440 0.119139
1 0.672382 0.527265 0.025866 0.158359
3 0.760154 0.517322 0.033049 0.156898
1 0.663130 0.526435 0.026126 0.157232
1 0.675435 0.504522 0.018948 0.106786
