1 0.577595 0.570001 0.036267 0.186067
1 0.542100 0.520366 0.033437 0.162285
1 0.333008 0.569251 0.037370 0.209035
1 0.481956 0.510759 0.027316 0.152723
2 0.351599 0.387392 0.029780 0.139540
1 0.239512 0.542636 0.041587 0.164585
3 0.608206 0.504631 0.022002 0.120814
1 0.296329 0.614559 0.048456 0.256028
3 0.708767 0.502685 0.033358 0.125766
3 0.518224 0.499219 0.026814 0.134657
3 0.512616 0.507340 0.029205 0.124074
3 0.738347 0.510729 0.021070 0.115665
3 0.596055 0.501158 0.018260 0.122306
3 0.522822 0.487231 0.021276 0.115746
