2 0.351991 0.385738 0.029953 0.133449
1 0.304325 0.536099 0.031443 0.157381
1 0.460137 0.559655 0.041059 0.202038
3 0.641547 0.494333 0.025837 0.120787
3 0.719631 0.520541 0.040864 0.112940
3 0.661048 0.537690 0.039973 0.135980
1 0.593465 0.590026 0.060185 0.202869
3 0.645151 0.509510 0.028855 0.160564
3 0.474390 0.481864 0.027414 0.098492
1 0.569541 0.516328 0.026428 0.137733
1 0.440904 0.514606 0.022816 0.139791
1 0.435876 0.546802 0.028910 0.219845
1 0.438348 0.517740 0.023785 0.162528
1 0.433964 0.589124 0.030040 0.152004
1 0.579221 0.511544 0.024602 0.130920
