1 0.490927 0.579001 0.038291 0.209101
2 0.469534 0.392330 0.033621 0.138529
1 0.633553 0.535755 0.035115 0.165622
1 0.574305 0.546022 0.025769 0.152059
1 0.522506 0.544682 0.034181 0.170488
3 0.770628 0.504115 0.029314 0.112742
1 0.387011 0.575596 0.055863 0.224752
3 0.695833 0.519555 0.029384 0.143515
3 0.833511 0.506396 0.020144 0.117603
3 0.611667 0.500174 0.021012 0.128231
3 0.846139 0.538934 0.028413 0.138294
1 0.590141 0.513820 0.025467 0.163253
3 0.702410 0.493025 0.022480 0.123945
3 0.839154 0.525046 0.024324 0.137543
