3 0.447040 0.683058 0.044449 0.129949
2 0.729810 0.530304 0.038837 0.149358
3 0.439850 0.692898 0.063184 0.107561
1 0.477598 0.616144 0.027932 0.122671
3 0.587925 0.696515 0.050870 0.153414
3 0.288471 0.660537 0.031063 0.157187
1 0.525888 0.617878 0.027495 0.127475
1 0.628310 0.592778 0.025372 0.121268
3 0.552028 0.640707 0.023733 0.135680
3 0.367569 0.652664 0.031795 0.155158
3 0.450154 0.635343 0.028392 0.136264
1 0.521872 0.603200 0.027637 0.150288
1 0.605093 0.610372 0.022247 0.108210
1 0.584013 0.608217 0.022669 0.100111
