3 0.488787 0.676193 0.034672 0.170448
1 0.564928 0.612576 0.024752 0.132729
3 0.378318 0.684323 0.041435 0.176973
3 0.396655 0.627753 0.032213 0.131460
1 0.527547 0.612602 0.031163 0.112875
2 0.734764 0.532107 0.026856 0.152455
3 0.435653 0.632574 0.032691 0.121590
3 0.594568 0.640437 0.030006 0.139767
1 0.540224 0.575396 0.019412 0.095908
1 0.584130 0.612008 0.019350 0.135636
3 0.185536 0.676795 0.041291 0.144457
1 0.492069 0.590822 0.022988 0.088431
1 0.581206 0.617081 0.020612 0.141589
1 0.585770 0.595434 0.019512 0.106894
1 0.537232 0.589825 0.019551 0.120492
