2 0.728708 0.530930 0.038941 0.148143
1 0.451228 0.618549 0.026260 0.131363
1 0.531202 0.587180 0.025410 0.117909
3 0.433319 0.684984 0.053991 0.162398
3 0.498223 0.709833 0.035864 0.165096
3 0.599949 0.640807 0.033302 0.147032
3 0.489643 0.625949 0.028075 0.120821
1 0.645023 0.604360 0.024535 0.103363
1 0.615709 0.607208 0.022932 0.119044
3 0.386879 0.628367 0.026252 0.123675
3 0.310082 0.677167 0.035978 0.123915
1 0.447368 0.609814 0.032277 0.135210
3 0.494256 0.682203 0.034993 0.194012
1 0.440703 0.597493 0.022557 0.118505
