2 0.730463 0.532999 0.037469 0.158564
1 0.588263 0.602193 0.021668 0.101845
3 0.481428 0.676017 0.038960 0.169192
3 0.345259 0.640068 0.022894 0.131420
1 0.465345 0.582682 0.022990 0.107310
3 0.558743 0.650544 0.029920 0.144514
1 0.570907 0.591116 0.021937 0.103014
3 0.316324 0.663626 0.029638 0.144455
3 0.405359 0.676739 0.037364 0.152866
1 0.654242 0.599476 0.023173 0.116723
1 0.643525 0.590732 0.024185 0.115523
3 0.341182 0.640611 0.026263 0.135568
3 0.333145 0.646188 0.020245 0.133304
1 0.637076 0.590047 0.025563 0.115780
1 0.648551 0.596189 0.027416 0.121641
3 0.566923 0.642334 0.026245 0.139640
