3 0.312778 0.671344 0.032777 0.159906
2 0.735031 0.531966 0.023753 0.148061
1 0.572813 0.613169 0.028235 0.123241
1 0.428445 0.612853 0.026329 0.119508
3 0.524922 0.697836 0.028579 0.167111
1 0.627287 0.593030 0.024278 0.107098
3 0.465283 0.659904 0.024859 0.152497
3 0.502015 0.718090 0.047087 0.187149
3 0.482496 0.657132 0.025260 0.152078
3 0.287654 0.653334 0.026507 0.120111
1 0.465892 0.588079 0.021251 0.082131
3 0.502514 0.720095 0.028193 0.178947
3 0.521420 0.711508 0.030811 0.192091
1 0.553056 0.551798 0.017359 0.075581
