3 0.430526 0.709648 0.036625 0.187025
2 0.729515 0.529846 0.037306 0.148216
3 0.447558 0.659080 0.031055 0.151762
3 0.535649 0.627734 0.029731 0.138307
1 0.649604 0.597948 0.027980 0.116326
3 0.302769 0.661655 0.031837 0.175807
1 0.568275 0.619789 0.022807 0.129830
1 0.484393 0.614603 0.023716 0.127453
1 0.581401 0.606589 0.020120 0.102134
1 0.609788 0.591270 0.023835 0.104679
3 0.297809 0.682081 0.029865 0.149582
3 0.444162 0.684304 0.027818 0.210379
3 0.307123 0.633584 0.024616 0.119557
1 0.686333 0.573147 0.023315 0.093980
