2 0.719736 0.530372 0.037213 0.147332
3 0.312221 0.702182 0.048092 0.150314
3 0.545875 0.633801 0.028271 0.143259
3 0.454285 0.713908 0.042371 0.164575
3 0.574541 0.707516 0.035039 0.162365
1 0.522404 0.583397 0.022723 0.108194
1 0.478654 0.613837 0.025619 0.127388
1 0.668642 0.615223 0.027964 0.109816
1 0.507378 0.615999 0.026154 0.129251
1 0.432376 0.590557 0.023486 0.090756
3 0.436053 0.667724 0.031979 0.133722
3 0.314854 0.670856 0.041803 0.203490
3 0.317773 0.632338 0.031606 0.116436
3 0.445476 0.697362 0.038473 0.179822
