0 0.550678 0.333427 0.018438 0.038496
2 0.728565 0.530873 0.036168 0.143508
1 0.457382 0.586223 0.021987 0.109094
1 0.561717 0.598979 0.028021 0.101046
3 0.421826 0.732125 0.045529 0.209709
3 0.477031 0.626512 0.024821 0.132469
1 0.502536 0.607650 0.022390 0.109448
3 0.394612 0.685053 0.029589 0.154260
3 0.533607 0.630121 0.028593 0.131628
1 0.608499 0.589361 0.023643 0.116868
3 0.284627 0.683785 0.041023 0.175162
1 0.643703 0.604466 0.036250 0.102722
1 0.522264 0.579756 0.020028 0.087987
3 0.337969 0.641231 0.022946 0.119499
