1 0.562344 0.621389 0.026267 0.136992
2 0.727639 0.532660 0.033195 0.156188
3 0.288793 0.679318 0.039573 0.167795
3 0.591755 0.671768 0.025760 0.145002
3 0.464538 0.682629 0.038252 0.173594
3 0.398348 0.693479 0.036703 0.156427
1 0.603983 0.580205 0.023140 0.103851
1 0.689675 0.598747 0.026041 0.117779
3 0.516315 0.636112 0.023999 0.130937
1 0.481209 0.602071 0.021565 0.103984
3 0.508522 0.634815 0.023135 0.133353
1 0.484189 0.594667 0.018703 0.101717
1 0.487904 0.582344 0.018515 0.097149
1 0.491381 0.586770 0.015941 0.104173
