2 0.729773 0.534067 0.035378 0.153649
3 0.475219 0.707196 0.041443 0.163777
3 0.595777 0.667781 0.036997 0.161068
1 0.650617 0.565888 0.021629 0.094987
3 0.524277 0.660807 0.031640 0.136041
1 0.549948 0.618419 0.023785 0.127450
1 0.671077 0.603724 0.026570 0.101468
3 0.317841 0.640631 0.035681 0.133682
1 0.570666 0.582571 0.022200 0.101216
3 0.382387 0.681642 0.056250 0.156542
1 0.533795 0.612392 0.021623 0.115859
1 0.479329 0.608724 0.024533 0.102448
3 0.371122 0.630678 0.030647 0.118006
0 0.519382 0.425956 0.019412 0.030251
