2 0.730002 0.533790 0.038613 0.149104
3 0.275311 0.656135 0.032472 0.150516
3 0.439379 0.623611 0.030082 0.137409
1 0.577527 0.599027 0.029346 0.093047
1 0.497339 0.619622 0.026420 0.124161
3 0.627641 0.660105 0.029936 0.134469
1 0.656670 0.612787 0.028904 0.112243
3 0.387656 0.679283 0.036956 0.152704
1 0.481235 0.583949 0.023615 0.104252
1 0.542758 0.593834 0.029180 0.092803
3 0.312705 0.757306 0.046812 0.216856
1 0.634726 0.591742 0.021659 0.096988
3 0.520378 0.635817 0.024719 0.131681
1 0.639992 0.607185 0.021799 0.117272
