3 0.394653 0.693090 0.037960 0.156305
1 0.560673 0.604195 0.026192 0.104003
3 0.193692 0.718640 0.035354 0.192398
3 0.432988 0.631973 0.022912 0.132348
1 0.674827 0.598270 0.026175 0.111817
1 0.522395 0.585353 0.024523 0.103625
2 0.728365 0.529065 0.024534 0.150260
1 0.463904 0.588160 0.025079 0.114602
3 0.318529 0.785882 0.048081 0.233348
3 0.586667 0.634761 0.024388 0.134787
3 0.242077 0.671033 0.031459 0.143398
1 0.575968 0.585794 0.022687 0.106056
1 0.578025 0.572851 0.022845 0.083316
3 0.198125 0.677862 0.027057 0.066400
