3 0.379655 0.702571 0.043655 0.184352
3 0.631816 0.641875 0.026728 0.143632
2 0.727137 0.531433 0.035691 0.153501
1 0.673986 0.606778 0.025245 0.119248
3 0.263643 0.674157 0.032307 0.151084
1 0.529099 0.584687 0.024793 0.109111
3 0.219589 0.818184 0.046767 0.249771
1 0.616913 0.584568 0.025704 0.100602
3 0.487325 0.625669 0.023398 0.127285
1 0.463016 0.584306 0.020355 0.107814
3 0.402533 0.619213 0.031121 0.129891
1 0.655217 0.598865 0.022044 0.106551
1 0.440501 0.588911 0.020638 0.098760
1 0.659173 0.603510 0.025877 0.112089
