3 0.305817 0.673557 0.041844 0.161012
3 0.405242 0.700684 0.037484 0.153891
3 0.582432 0.660138 0.026400 0.148150
3 0.561411 0.668369 0.029313 0.147576
2 0.720514 0.531085 0.039321 0.150300
1 0.454264 0.583217 0.024054 0.099706
1 0.601894 0.620221 0.024763 0.125157
1 0.509206 0.616807 0.027380 0.119280
1 0.548645 0.615581 0.020239 0.123054
3 0.409142 0.686697 0.041468 0.184314
1 0.606361 0.583719 0.023421 0.089848
1 0.612841 0.557962 0.023093 0.092276
3 0.419375 0.648838 0.025944 0.114438
0 0.551205 0.433245 0.019773 0.030001
1 0.553959 0.573062 0.021726 0.087001
3 0.416542 0.663256 0.030195 0.149590
