3 0.549578 0.680724 0.035636 0.168288
3 0.407341 0.691594 0.039859 0.183201
2 0.720109 0.531832 0.040312 0.148662
1 0.456162 0.613351 0.025277 0.129670
3 0.527603 0.627483 0.025463 0.135546
1 0.628140 0.609828 0.025861 0.109880
3 0.580522 0.702742 0.030280 0.164871
1 0.583237 0.586863 0.024263 0.111237
3 0.329125 0.651186 0.045000 0.141436
1 0.474871 0.599879 0.020195 0.103479
1 0.522707 0.575909 0.023597 0.088791
3 0.326400 0.647598 0.031141 0.138139
3 0.337373 0.663989 0.057820 0.138393
1 0.523742 0.609857 0.024921 0.127403
