3 0.502207 0.710151 0.043975 0.145347
3 0.410885 0.715120 0.055810 0.169909
3 0.272179 0.678622 0.034081 0.173428
2 0.729772 0.532090 0.038124 0.147534
3 0.293195 0.644371 0.022126 0.134578
1 0.443176 0.614514 0.022845 0.110907
1 0.655661 0.600962 0.022476 0.095600
1 0.646700 0.580314 0.022728 0.101863
3 0.464860 0.653773 0.027354 0.155323
1 0.509429 0.605124 0.021796 0.111711
3 0.481368 0.652422 0.025340 0.154608
1 0.527757 0.548673 0.018873 0.076251
1 0.512159 0.596630 0.022029 0.124985
1 0.651190 0.590755 0.024866 0.109762
