3 0.349459 0.672685 0.030257 0.161340
3 0.334005 0.652318 0.026817 0.159163
2 0.727470 0.531853 0.039305 0.152902
3 0.615727 0.646166 0.031054 0.146766
3 0.497192 0.719826 0.032702 0.171527
1 0.491142 0.591031 0.022674 0.114630
1 0.660064 0.619925 0.027616 0.133458
3 0.375965 0.683394 0.034614 0.177347
1 0.595598 0.579051 0.020780 0.094220
1 0.643688 0.605213 0.022066 0.110973
1 0.602161 0.577790 0.023572 0.088930
1 0.439698 0.587302 0.021960 0.103126
3 0.468183 0.629795 0.027872 0.134855
3 0.344695 0.661478 0.029335 0.161343
