2 0.730169 0.532039 0.039418 0.146278
3 0.480341 0.657274 0.025036 0.152822
3 0.511544 0.723991 0.039063 0.179461
1 0.462669 0.608793 0.023690 0.124650
3 0.498124 0.657894 0.022791 0.152358
3 0.364657 0.692814 0.042794 0.179755
1 0.662414 0.605423 0.024772 0.102444
3 0.291977 0.670698 0.034983 0.166112
1 0.605341 0.589451 0.025579 0.122148
3 0.301627 0.649841 0.023068 0.132293
3 0.286199 0.674000 0.026752 0.161565
3 0.504215 0.655159 0.027935 0.149587
1 0.500798 0.580274 0.019407 0.070634
1 0.546747 0.553149 0.021046 0.077327
3 0.507324 0.642004 0.030521 0.133122
