2 0.729242 0.532192 0.039553 0.146705
3 0.517542 0.700356 0.047991 0.154856
3 0.455102 0.716160 0.050853 0.179895
1 0.620811 0.587851 0.025137 0.111692
1 0.543860 0.617386 0.024070 0.128208
3 0.290229 0.671706 0.026621 0.158170
3 0.306856 0.648767 0.021767 0.125029
1 0.486571 0.611537 0.023542 0.122399
1 0.646468 0.604838 0.027705 0.102579
1 0.590784 0.558117 0.020130 0.079006
3 0.458758 0.659300 0.023231 0.143073
3 0.448195 0.647896 0.028837 0.137865
3 0.446452 0.625906 0.024120 0.102273
3 0.467363 0.652203 0.026498 0.147029
3 0.452105 0.642759 0.022241 0.137415
