3 0.503115 0.697433 0.043640 0.155819
2 0.730071 0.533917 0.036306 0.150054
3 0.454297 0.719635 0.058309 0.174050
1 0.543892 0.620441 0.024275 0.134179
3 0.295034 0.674083 0.032666 0.162280
1 0.616529 0.588463 0.023887 0.112992
1 0.440923 0.615416 0.019490 0.116350
3 0.316700 0.653373 0.022723 0.121425
3 0.484840 0.643592 0.028945 0.148883
3 0.458628 0.636254 0.027099 0.119842
1 0.631219 0.607615 0.021037 0.098923
1 0.567093 0.561211 0.019424 0.094542
1 0.483569 0.613368 0.026753 0.114556
3 0.308496 0.674452 0.022447 0.164041
0 0.563419 0.394669 0.017602 0.027979
