3 0.312360 0.649272 0.035158 0.145452
3 0.451899 0.642404 0.027195 0.143283
3 0.229974 0.708932 0.036783 0.164649
1 0.511346 0.611467 0.030175 0.132419
3 0.339829 0.685662 0.040374 0.172339
3 0.417619 0.687677 0.042482 0.158162
3 0.558024 0.694394 0.036794 0.163137
2 0.734278 0.532846 0.024172 0.145368
1 0.552527 0.603465 0.024618 0.098447
1 0.608125 0.584401 0.026376 0.108486
1 0.534592 0.584349 0.020614 0.103892
1 0.654312 0.591945 0.031740 0.120041
1 0.470841 0.617109 0.022892 0.115025
1 0.545848 0.601556 0.022621 0.110033
