1 0.498357 0.606904 0.023852 0.118319
1 0.640396 0.616205 0.039934 0.122783
2 0.728799 0.535598 0.033780 0.151327
3 0.511210 0.686970 0.034728 0.162770
3 0.356698 0.624310 0.030009 0.115879
3 0.445391 0.623545 0.027894 0.135447
1 0.569822 0.579918 0.021389 0.096263
1 0.480356 0.586610 0.023362 0.089280
3 0.523190 0.628473 0.030018 0.139735
3 0.573638 0.692618 0.035919 0.173609
1 0.583905 0.607379 0.021818 0.095599
3 0.320488 0.629566 0.022243 0.115322
1 0.502373 0.594314 0.021866 0.099805
1 0.483028 0.605868 0.024952 0.113571
