3 0.324545 0.673614 0.030982 0.152064
1 0.578282 0.583056 0.026063 0.103019
3 0.294333 0.661000 0.031861 0.155772
1 0.472407 0.589157 0.023674 0.105112
3 0.421543 0.792319 0.063869 0.245372
2 0.735267 0.532137 0.024537 0.147027
3 0.507632 0.631576 0.026116 0.133153
3 0.346978 0.639289 0.024959 0.117741
1 0.621667 0.593489 0.025212 0.111234
1 0.539063 0.590090 0.025367 0.100567
3 0.578014 0.682014 0.031750 0.157133
1 0.643457 0.634506 0.034056 0.128160
1 0.646820 0.598885 0.033738 0.103484
1 0.649219 0.588633 0.030290 0.084360
