3 0.617535 0.709784 0.047791 0.163262
2 0.729488 0.535342 0.036365 0.146273
3 0.377098 0.638408 0.024645 0.137541
1 0.652843 0.593907 0.026241 0.103521
3 0.403011 0.685810 0.039362 0.172877
1 0.563904 0.607522 0.027511 0.123560
1 0.689464 0.615277 0.042187 0.109383
3 0.347363 0.641270 0.026636 0.120140
1 0.507312 0.576178 0.022526 0.091374
3 0.483925 0.633142 0.030428 0.137458
3 0.516442 0.639138 0.026832 0.142819
1 0.618489 0.605177 0.023625 0.101520
0 0.627614 0.462413 0.017483 0.030275
3 0.354512 0.636783 0.027847 0.132409
