1 0.487057 0.585148 0.021906 0.101845
1 0.553034 0.623411 0.024774 0.132507
2 0.728552 0.532978 0.039799 0.155982
3 0.497629 0.673333 0.030999 0.135970
3 0.332766 0.675312 0.038967 0.161973
3 0.585311 0.684904 0.043448 0.171160
1 0.512358 0.613054 0.022888 0.123785
1 0.638679 0.604401 0.024640 0.102650
1 0.453367 0.613914 0.022461 0.114148
3 0.380451 0.702674 0.039282 0.160968
1 0.591968 0.573734 0.024905 0.099595
3 0.373526 0.623289 0.027976 0.119182
3 0.305986 0.639952 0.026421 0.149463
3 0.502396 0.630047 0.033781 0.158928
