3 0.553776 0.685671 0.039863 0.171863
2 0.721381 0.530577 0.037731 0.149964
1 0.640103 0.619185 0.025542 0.130930
1 0.562844 0.603081 0.024252 0.102572
1 0.519086 0.585085 0.022338 0.101975
1 0.532717 0.613792 0.021944 0.113994
3 0.438970 0.630976 0.023442 0.131368
3 0.419166 0.684008 0.030639 0.149685
3 0.321133 0.683499 0.045478 0.125517
1 0.599132 0.590784 0.025690 0.116192
3 0.488249 0.630908 0.033646 0.128208
3 0.425023 0.669654 0.029493 0.178420
3 0.329626 0.628838 0.027518 0.111714
1 0.532005 0.593056 0.022522 0.119214
