1 0.504378 0.580945 0.022206 0.098922
1 0.490129 0.618895 0.022559 0.121136
2 0.720447 0.530983 0.038254 0.147807
1 0.555806 0.614713 0.028510 0.128601
3 0.435203 0.647884 0.027512 0.145594
1 0.659254 0.589830 0.026662 0.110160
3 0.519673 0.667827 0.031215 0.145147
3 0.361874 0.652766 0.041615 0.152624
3 0.467080 0.660635 0.035984 0.154023
1 0.580959 0.596651 0.025400 0.115262
1 0.574322 0.589883 0.020418 0.111560
1 0.493796 0.624148 0.026337 0.124683
3 0.455360 0.659946 0.021500 0.138888
1 0.502758 0.594309 0.024646 0.123403
