2 0.729026 0.532359 0.035480 0.154003
1 0.544621 0.595573 0.023035 0.102504
3 0.452538 0.653025 0.028090 0.146074
1 0.577226 0.587433 0.026754 0.108218
3 0.417115 0.671118 0.025072 0.145675
1 0.620144 0.600395 0.024785 0.105421
1 0.524828 0.594722 0.019810 0.113530
3 0.479406 0.668812 0.026870 0.156776
3 0.498654 0.658658 0.029231 0.171780
3 0.485268 0.665573 0.033777 0.158839
1 0.510382 0.577424 0.018327 0.094715
1 0.521516 0.591035 0.023114 0.114045
3 0.435343 0.652045 0.020356 0.148142
1 0.485399 0.579093 0.021004 0.078788
