3 0.527425 0.645322 0.027925 0.140117
1 0.555272 0.623019 0.025911 0.133324
1 0.485942 0.614154 0.024685 0.119182
3 0.588573 0.688241 0.050077 0.172865
3 0.434078 0.676403 0.046573 0.137963
3 0.367355 0.652220 0.035892 0.154064
2 0.735088 0.532285 0.027530 0.149900
3 0.416489 0.631958 0.022039 0.114647
1 0.605215 0.608819 0.024769 0.110391
1 0.637126 0.593375 0.020946 0.115647
3 0.308427 0.654033 0.028035 0.156467
1 0.533392 0.566585 0.020271 0.087300
1 0.515178 0.599230 0.021936 0.103786
1 0.512252 0.591328 0.024844 0.102120
