2 0.731031 0.531598 0.038944 0.151826
0 0.452772 0.775983 0.018751 0.037580
3 0.324194 0.650421 0.034369 0.145844
1 0.631532 0.583922 0.026017 0.111576
1 0.571764 0.590714 0.024038 0.100270
1 0.671450 0.599623 0.029240 0.111196
3 0.418371 0.655456 0.032964 0.152731
1 0.525945 0.588156 0.020136 0.102161
3 0.503034 0.638299 0.023493 0.126094
3 0.553403 0.637168 0.029791 0.139435
3 0.470098 0.624647 0.022752 0.130916
1 0.458939 0.591650 0.020950 0.108349
3 0.408545 0.839482 0.046335 0.256051
1 0.491403 0.613650 0.020880 0.106939
