2 0.729803 0.532547 0.039340 0.151755
3 0.456102 0.696002 0.033020 0.178031
3 0.321484 0.647536 0.035389 0.147694
3 0.482871 0.640164 0.025787 0.128251
3 0.391259 0.660322 0.035182 0.159177
1 0.678023 0.602064 0.023902 0.114885
1 0.506474 0.614633 0.024988 0.132243
1 0.530367 0.615805 0.025882 0.119135
1 0.433067 0.610346 0.027320 0.119909
3 0.617839 0.663816 0.033854 0.156499
1 0.649560 0.573272 0.020191 0.102890
1 0.569581 0.570292 0.022412 0.082950
1 0.519197 0.614598 0.024640 0.129999
1 0.510550 0.609112 0.022211 0.135969
