3 0.479481 0.708814 0.047560 0.153363
1 0.467723 0.615190 0.021080 0.116629
2 0.729348 0.534080 0.035424 0.150622
3 0.529697 0.738121 0.059026 0.173850
3 0.308510 0.672848 0.037882 0.170953
1 0.653603 0.607776 0.027422 0.109856
1 0.536123 0.619666 0.027978 0.136085
1 0.594399 0.576115 0.024467 0.102121
3 0.446714 0.658572 0.030419 0.126646
3 0.479601 0.681265 0.040268 0.199666
3 0.480127 0.634707 0.029364 0.115842
1 0.492749 0.603225 0.025728 0.105658
1 0.463787 0.627127 0.025083 0.138124
1 0.473801 0.626353 0.027279 0.129148
