3 0.191664 0.718683 0.038621 0.191608
3 0.388285 0.669712 0.035142 0.205531
1 0.671345 0.598436 0.027752 0.117267
2 0.721418 0.529885 0.038597 0.150681
1 0.519715 0.582535 0.027605 0.101140
1 0.458553 0.588458 0.025406 0.116490
3 0.260275 0.666481 0.030680 0.156949
3 0.319604 0.780442 0.056979 0.246639
3 0.383101 0.652757 0.036649 0.170668
1 0.562500 0.598324 0.024461 0.108074
3 0.390785 0.711733 0.034254 0.123012
3 0.591868 0.635244 0.023923 0.136311
3 0.383622 0.632045 0.025812 0.127090
1 0.577128 0.602489 0.018236 0.101519
1 0.583737 0.583952 0.024139 0.106176
