3 0.584606 0.675552 0.034627 0.147885
3 0.278240 0.674946 0.030128 0.172198
2 0.728724 0.535151 0.036051 0.160489
3 0.436606 0.662692 0.030253 0.162588
3 0.464736 0.648811 0.034372 0.151662
1 0.626055 0.609566 0.031309 0.109841
1 0.551543 0.625492 0.028656 0.129052
1 0.708330 0.588686 0.022588 0.116168
3 0.510427 0.683037 0.035932 0.163757
1 0.511912 0.597613 0.027722 0.103895
1 0.579692 0.604690 0.025035 0.098321
3 0.326584 0.640498 0.021233 0.120169
1 0.552711 0.602099 0.023877 0.151078
1 0.554206 0.572388 0.021314 0.089220
