3 0.314182 0.668621 0.030161 0.152170
3 0.495053 0.720482 0.041743 0.175098
2 0.733613 0.533138 0.028980 0.148806
3 0.369818 0.689605 0.040634 0.176936
1 0.507251 0.617911 0.022803 0.131448
1 0.543732 0.619772 0.026402 0.128053
3 0.606394 0.675788 0.028800 0.167797
3 0.414811 0.660091 0.032828 0.127008
1 0.657023 0.611630 0.028928 0.109688
3 0.587643 0.670322 0.028215 0.163061
1 0.488009 0.599877 0.022230 0.102174
1 0.595533 0.577900 0.020165 0.090168
3 0.593439 0.673516 0.028311 0.167130
1 0.605274 0.551046 0.019770 0.088417
