3 0.447285 0.655351 0.032488 0.137938
3 0.587700 0.677107 0.030578 0.144910
1 0.524049 0.613746 0.022581 0.133251
3 0.302181 0.682156 0.043721 0.173318
1 0.554074 0.577612 0.021135 0.092314
3 0.390976 0.636125 0.030265 0.134833
3 0.490345 0.676787 0.031551 0.157852
2 0.732620 0.532817 0.025904 0.147728
1 0.652276 0.594050 0.030371 0.121711
1 0.574656 0.617343 0.022759 0.129918
3 0.543667 0.632244 0.024113 0.136479
1 0.496906 0.592100 0.022093 0.085243
1 0.520129 0.608541 0.023272 0.131656
1 0.514410 0.594955 0.018593 0.109850
1 0.509440 0.581985 0.021049 0.088225
1 0.573798 0.586801 0.020435 0.101132
1 0.500706 0.593537 0.025357 0.097657
