2 0.729886 0.531635 0.040261 0.150716
3 0.272058 0.673845 0.051649 0.163088
1 0.604338 0.587151 0.020818 0.103646
3 0.330860 0.779003 0.051428 0.226761
1 0.541516 0.589436 0.026131 0.093162
3 0.576779 0.682817 0.031591 0.156022
1 0.466086 0.585541 0.021943 0.096951
3 0.337223 0.634801 0.025300 0.121076
1 0.643794 0.636524 0.030883 0.123071
1 0.618844 0.597439 0.021385 0.113967
3 0.506806 0.632451 0.026331 0.133835
1 0.635720 0.597252 0.017944 0.103630
3 0.303744 0.659617 0.026942 0.161897
1 0.638366 0.629986 0.025961 0.129222
1 0.647656 0.622571 0.028802 0.118157
1 0.612218 0.593472 0.024507 0.107228
1 0.649165 0.594832 0.024207 0.070310
