1 0.543750 0.620666 0.023610 0.129930
3 0.446527 0.704316 0.039611 0.167521
2 0.730136 0.536089 0.039059 0.142497
3 0.590981 0.674239 0.037540 0.161106
3 0.511021 0.678366 0.035894 0.140748
1 0.482881 0.587411 0.022280 0.103247
1 0.635601 0.602162 0.024343 0.102886
3 0.335087 0.673623 0.039663 0.166877
1 0.504195 0.616134 0.025231 0.128967
3 0.307853 0.644420 0.028906 0.153231
1 0.638790 0.593005 0.027741 0.105973
1 0.648032 0.571833 0.022474 0.089832
1 0.522699 0.602542 0.018357 0.101322
1 0.498015 0.595931 0.022585 0.107943
