1 0.494752 0.597707 0.030959 0.094241
1 0.593978 0.583501 0.024649 0.099398
1 0.623592 0.602859 0.023130 0.122327
3 0.368643 0.681829 0.035909 0.180113
2 0.719821 0.530845 0.039878 0.150869
1 0.558325 0.586163 0.028331 0.111501
3 0.433615 0.779861 0.039998 0.229233
3 0.392367 0.626989 0.028163 0.130174
1 0.648126 0.614155 0.029010 0.129630
3 0.606189 0.639556 0.029642 0.144843
3 0.233371 0.675825 0.030229 0.150633
3 0.456450 0.640203 0.023748 0.130939
3 0.388803 0.635040 0.023957 0.130328
3 0.610902 0.627939 0.035302 0.128749
