3 0.252002 0.681652 0.043773 0.175336
3 0.558622 0.675405 0.028634 0.162358
3 0.534678 0.697038 0.032976 0.177390
1 0.467313 0.615345 0.023972 0.125904
2 0.719881 0.530743 0.039866 0.148760
1 0.632785 0.594452 0.031026 0.107016
1 0.494945 0.600277 0.022673 0.099704
3 0.326684 0.638041 0.023606 0.127678
3 0.405554 0.694133 0.035932 0.145170
1 0.600998 0.567738 0.020625 0.089446
1 0.555348 0.574614 0.020550 0.091313
3 0.526185 0.626638 0.023592 0.117702
1 0.544849 0.609088 0.021173 0.102208
3 0.528861 0.646880 0.026723 0.156342
