0 0.563621 0.422203 0.018927 0.040848
3 0.404519 0.664150 0.034570 0.161438
2 0.728324 0.532683 0.034275 0.152378
3 0.542386 0.645056 0.025304 0.151945
1 0.506475 0.615507 0.031443 0.129983
3 0.437849 0.693782 0.031908 0.155862
1 0.571377 0.586448 0.021899 0.106354
1 0.456156 0.595939 0.023407 0.092170
1 0.662921 0.608994 0.027110 0.102902
3 0.577834 0.690053 0.031582 0.154650
3 0.319721 0.646995 0.031937 0.124641
1 0.585787 0.612565 0.023041 0.106351
1 0.454509 0.643061 0.023419 0.158785
1 0.511007 0.595686 0.022988 0.131099
3 0.453165 0.664367 0.027524 0.144621
