1 0.478098 0.615681 0.026942 0.125007
2 0.733359 0.533227 0.028734 0.151431
3 0.614124 0.670015 0.026887 0.141471
3 0.441667 0.700534 0.071163 0.161780
1 0.543388 0.615639 0.024474 0.129027
3 0.240199 0.664458 0.039777 0.159879
3 0.358956 0.634179 0.032767 0.135843
1 0.663709 0.601312 0.024029 0.118601
1 0.509789 0.592899 0.023488 0.108772
1 0.596079 0.615364 0.022486 0.105775
3 0.578494 0.634169 0.024428 0.131846
3 0.322380 0.681886 0.036619 0.115082
1 0.531064 0.593439 0.018072 0.114677
1 0.536832 0.607569 0.022732 0.130691
