2 0.729737 0.533322 0.035688 0.154545
3 0.279659 0.681975 0.040775 0.161520
3 0.452528 0.662500 0.040272 0.145123
1 0.557480 0.622388 0.026925 0.130486
1 0.651652 0.598888 0.024925 0.102666
1 0.605442 0.578586 0.024044 0.100863
3 0.365884 0.692763 0.055443 0.159724
1 0.513182 0.572339 0.019351 0.091645
3 0.308028 0.641348 0.029905 0.134061
3 0.485726 0.724958 0.066987 0.139143
0 0.502297 0.490300 0.017990 0.037382
1 0.490671 0.597833 0.022396 0.100232
3 0.499755 0.642074 0.021749 0.116440
1 0.382891 0.603290 0.031906 0.064754
1 0.450028 0.592407 0.020949 0.077891
