2 0.720898 0.530820 0.038052 0.152776
3 0.414859 0.696206 0.049502 0.186125
1 0.454547 0.613868 0.028344 0.133771
3 0.583813 0.707883 0.034832 0.163850
3 0.543018 0.691611 0.034708 0.169093
3 0.296652 0.644333 0.037642 0.141701
3 0.364468 0.656878 0.032337 0.137798
1 0.629036 0.612982 0.027192 0.107145
1 0.583196 0.590408 0.024080 0.113309
1 0.449806 0.609016 0.027692 0.131840
3 0.519237 0.633342 0.029539 0.133101
1 0.531186 0.576308 0.024168 0.093687
1 0.527448 0.586283 0.026841 0.111094
0 0.463475 0.461463 0.016523 0.025560
