1 0.556119 0.618185 0.027330 0.124433
2 0.728266 0.533416 0.034458 0.154005
3 0.422183 0.658518 0.033571 0.144717
3 0.573281 0.686763 0.033963 0.161596
1 0.607299 0.582519 0.022126 0.105366
3 0.369049 0.665874 0.034143 0.164997
3 0.479777 0.705081 0.034650 0.163840
3 0.473567 0.612649 0.021302 0.100835
1 0.655109 0.611047 0.026260 0.105762
3 0.343742 0.659189 0.027754 0.136292
1 0.551232 0.596091 0.023911 0.140901
1 0.492770 0.614036 0.022359 0.127335
1 0.549739 0.566104 0.020221 0.083307
1 0.447535 0.596511 0.020808 0.100507
1 0.551741 0.574111 0.022369 0.094490
