3 0.458931 0.672218 0.034219 0.148907
3 0.227008 0.685299 0.034660 0.173138
2 0.732056 0.530396 0.036635 0.153383
3 0.425877 0.690548 0.029820 0.160074
1 0.517945 0.617548 0.025818 0.131187
3 0.554387 0.655341 0.029737 0.149102
3 0.302334 0.639085 0.035796 0.144904
1 0.501132 0.606706 0.018862 0.120410
1 0.605880 0.611123 0.022708 0.107929
1 0.619935 0.573231 0.022208 0.104158
1 0.570708 0.616363 0.023647 0.127752
3 0.371031 0.636951 0.030069 0.143842
1 0.507458 0.615382 0.023829 0.128342
1 0.614472 0.585409 0.021880 0.120966
