3 0.422756 0.671781 0.032604 0.164523
3 0.381288 0.649088 0.035072 0.146218
1 0.597899 0.616432 0.035069 0.125216
2 0.736027 0.530906 0.023456 0.148607
1 0.643794 0.612187 0.025259 0.105605
3 0.501147 0.639789 0.030938 0.128346
1 0.627298 0.582428 0.022065 0.102067
3 0.541835 0.639556 0.020034 0.143787
3 0.529764 0.658226 0.024093 0.131962
1 0.529613 0.576300 0.018747 0.083342
1 0.434965 0.610704 0.022582 0.110771
1 0.516808 0.595211 0.019305 0.097224
1 0.520395 0.591328 0.021817 0.094974
3 0.534598 0.650033 0.029012 0.146188
3 0.427959 0.666038 0.030732 0.156758
