2 0.731919 0.531275 0.037421 0.153830
3 0.437789 0.631694 0.028117 0.121215
3 0.303554 0.652106 0.031351 0.158704
1 0.516891 0.587947 0.020435 0.096199
1 0.665681 0.601097 0.028648 0.115391
3 0.395414 0.665286 0.036007 0.158424
1 0.633637 0.586150 0.025558 0.109877
3 0.589517 0.637327 0.032756 0.140163
0 0.501484 0.417239 0.016558 0.029999
1 0.598251 0.593836 0.023406 0.099353
3 0.461795 0.781356 0.044178 0.214380
3 0.442423 0.605462 0.024401 0.092605
1 0.478670 0.622519 0.023590 0.120697
3 0.474299 0.622760 0.024536 0.122373
