2 0.729407 0.531419 0.033717 0.148833
1 0.567440 0.583279 0.022178 0.103370
3 0.267697 0.691028 0.039334 0.181881
3 0.415444 0.671558 0.038752 0.147420
1 0.644285 0.588871 0.027989 0.111108
3 0.593578 0.676723 0.032300 0.154306
3 0.480632 0.667641 0.040829 0.156804
1 0.497458 0.594274 0.017528 0.090870
3 0.530251 0.623885 0.026130 0.137660
1 0.558572 0.583487 0.020353 0.109159
1 0.549634 0.617872 0.026845 0.140303
3 0.321819 0.662749 0.027768 0.115434
3 0.548731 0.622553 0.027464 0.134337
3 0.490934 0.669786 0.025888 0.150145
1 0.540693 0.570256 0.019350 0.090815
