1 0.492896 0.595058 0.020576 0.096619
2 0.727693 0.534812 0.034669 0.146298
3 0.511594 0.640873 0.028322 0.138917
1 0.544690 0.584309 0.022859 0.103657
3 0.366530 0.646722 0.022666 0.127927
1 0.583978 0.588912 0.026594 0.108305
3 0.329196 0.642366 0.026405 0.135507
3 0.470214 0.665532 0.028383 0.131404
3 0.386495 0.645710 0.026314 0.144615
1 0.618179 0.615361 0.032513 0.126901
3 0.457963 0.629817 0.026686 0.131251
1 0.625098 0.614969 0.024052 0.125630
1 0.474381 0.592543 0.018523 0.092896
3 0.466405 0.651484 0.032985 0.142038
