3 0.450390 0.736183 0.039876 0.195617
3 0.287998 0.682952 0.031941 0.172988
3 0.521861 0.700406 0.057286 0.153670
2 0.732456 0.532667 0.028894 0.148490
1 0.669624 0.594497 0.025981 0.112437
3 0.305856 0.642142 0.024775 0.136683
3 0.453716 0.653568 0.033974 0.156057
1 0.638186 0.599989 0.022391 0.104383
1 0.502772 0.612934 0.021777 0.127760
1 0.477621 0.611435 0.025213 0.127566
1 0.518963 0.597806 0.018157 0.095290
1 0.504484 0.596783 0.022537 0.122475
3 0.456240 0.639069 0.030643 0.124890
1 0.533460 0.548241 0.018309 0.072481
3 0.452511 0.693784 0.035552 0.232842
