1 0.455361 0.585864 0.022249 0.099471
3 0.601177 0.638676 0.031519 0.147225
3 0.409718 0.748434 0.047107 0.186781
3 0.420851 0.626801 0.030167 0.134755
1 0.517891 0.581533 0.024125 0.106730
2 0.720746 0.530335 0.038298 0.150087
3 0.497230 0.629122 0.031702 0.136473
3 0.277270 0.668914 0.041602 0.145855
1 0.676662 0.610512 0.031857 0.122648
1 0.572805 0.600197 0.033915 0.101960
3 0.406512 0.654519 0.032701 0.115212
3 0.412989 0.650180 0.043911 0.113593
1 0.632904 0.604304 0.029167 0.100118
1 0.437922 0.599305 0.019274 0.101348
