1 0.475616 0.619092 0.026871 0.123254
2 0.730353 0.534492 0.039582 0.147225
3 0.430772 0.655468 0.024480 0.152589
1 0.520483 0.584183 0.023078 0.107730
3 0.406723 0.782232 0.039811 0.220523
3 0.505930 0.643751 0.026968 0.131237
3 0.452470 0.636487 0.025946 0.132933
1 0.612658 0.595935 0.026297 0.119497
1 0.558084 0.598404 0.023420 0.097548
3 0.517082 0.643160 0.020302 0.130532
3 0.425084 0.650693 0.031693 0.159988
3 0.417968 0.638005 0.023092 0.142189
1 0.484135 0.576200 0.020680 0.088904
1 0.480783 0.584877 0.021364 0.101377
