3 0.420995 0.668664 0.041452 0.153716
3 0.520075 0.640408 0.026253 0.129742
2 0.729390 0.533907 0.035557 0.150762
3 0.495635 0.680555 0.027245 0.143508
1 0.655948 0.600882 0.025089 0.111660
1 0.603273 0.600301 0.020908 0.099941
3 0.397744 0.632141 0.029897 0.139917
3 0.591045 0.655288 0.027456 0.145127
1 0.519553 0.570046 0.022229 0.079609
1 0.467368 0.615684 0.020808 0.110487
0 0.290211 0.743839 0.018691 0.030001
1 0.591961 0.569154 0.018863 0.077520
3 0.453606 0.632060 0.022899 0.133231
3 0.414107 0.664975 0.040574 0.161237
1 0.594549 0.590135 0.022708 0.109752
