2 0.730772 0.533868 0.038557 0.148881
1 0.529480 0.584172 0.023680 0.107105
1 0.675443 0.613578 0.027993 0.126145
1 0.651726 0.598060 0.024086 0.112539
3 0.620600 0.654464 0.028011 0.132393
1 0.488829 0.620817 0.026339 0.117418
3 0.408574 0.626830 0.025978 0.132477
3 0.257479 0.662017 0.034142 0.155116
3 0.358419 0.680877 0.024775 0.143759
1 0.584938 0.592843 0.022326 0.099340
3 0.375109 0.751178 0.041394 0.215526
3 0.518867 0.633051 0.028816 0.134352
1 0.491633 0.604908 0.024528 0.159123
1 0.493325 0.582873 0.023954 0.107134
