3 0.460801 0.668296 0.036871 0.143781
1 0.446138 0.592680 0.022707 0.103944
3 0.573515 0.697162 0.038350 0.159410
2 0.720268 0.529423 0.039901 0.152398
3 0.378992 0.699262 0.046303 0.180523
3 0.324638 0.687987 0.051170 0.141155
1 0.518548 0.579018 0.022944 0.102446
1 0.545407 0.617769 0.028568 0.130775
3 0.504504 0.632943 0.035444 0.133759
1 0.620997 0.592099 0.024240 0.108912
1 0.647249 0.612540 0.033919 0.100724
1 0.475352 0.620670 0.027052 0.113523
3 0.311145 0.634606 0.031656 0.126076
3 0.316551 0.639002 0.041391 0.146121
3 0.469334 0.637412 0.029000 0.102297
3 0.315147 0.658199 0.036580 0.137474
