1 0.404331 0.610037 0.024284 0.132282
3 0.553645 0.654698 0.028310 0.153846
3 0.427608 0.682124 0.037568 0.168139
1 0.579887 0.610190 0.025152 0.110584
2 0.720326 0.531577 0.039523 0.153505
1 0.629543 0.581515 0.022978 0.101751
3 0.525324 0.701994 0.027801 0.155337
3 0.374294 0.632683 0.029281 0.135114
3 0.510731 0.638558 0.028259 0.136762
3 0.308853 0.667791 0.029416 0.149463
1 0.609540 0.581770 0.022848 0.103104
3 0.519469 0.674712 0.025009 0.133924
1 0.546036 0.603959 0.025822 0.106771
0 0.504327 0.770866 0.020177 0.038774
1 0.513931 0.575126 0.020942 0.069408
