2 0.730617 0.530701 0.038161 0.149310
3 0.321349 0.671254 0.050870 0.166061
3 0.455948 0.657790 0.025685 0.154365
1 0.492391 0.603100 0.022376 0.107195
1 0.643735 0.604588 0.025586 0.102828
1 0.570049 0.619595 0.033646 0.130920
1 0.612833 0.580582 0.025414 0.103127
3 0.481969 0.717753 0.035508 0.191247
1 0.526033 0.577428 0.021159 0.097834
3 0.495053 0.713954 0.025730 0.198039
1 0.468518 0.592563 0.020227 0.079525
3 0.474578 0.648140 0.019728 0.134276
3 0.499980 0.700481 0.025563 0.176648
3 0.476459 0.629747 0.022337 0.108352
