3 0.318360 0.648289 0.032684 0.151797
3 0.398711 0.665098 0.039115 0.165992
3 0.586020 0.651316 0.034488 0.145840
3 0.255176 0.675500 0.031863 0.148532
2 0.722069 0.530730 0.036650 0.151462
1 0.468824 0.613732 0.023417 0.129786
3 0.500365 0.698657 0.036274 0.172718
1 0.612546 0.583190 0.026484 0.109064
1 0.500891 0.601846 0.021927 0.098502
1 0.521623 0.614364 0.021434 0.121983
1 0.527210 0.577149 0.020977 0.101831
3 0.480290 0.639454 0.020757 0.123949
1 0.666704 0.580386 0.023832 0.100552
1 0.525678 0.589470 0.023375 0.128635
