3 0.417758 0.701139 0.032537 0.164926
1 0.568141 0.609568 0.023696 0.117320
2 0.720690 0.529852 0.039122 0.149050
3 0.590919 0.647781 0.026458 0.142771
3 0.532246 0.636272 0.030056 0.142895
3 0.302811 0.664587 0.046868 0.154074
3 0.427769 0.640073 0.028231 0.113651
3 0.359432 0.639323 0.031931 0.121530
1 0.633657 0.618864 0.026859 0.124739
1 0.552474 0.573100 0.019695 0.090630
1 0.465441 0.610361 0.025261 0.116177
0 0.588007 0.414793 0.018078 0.033361
1 0.638684 0.581602 0.022319 0.112788
3 0.421090 0.684631 0.035065 0.198129
