2 0.729924 0.533770 0.040289 0.149356
1 0.670085 0.602179 0.030343 0.111827
3 0.389722 0.664723 0.040065 0.158463
3 0.309776 0.651420 0.036375 0.158064
1 0.639382 0.588082 0.023563 0.111414
1 0.524561 0.591869 0.034588 0.106989
1 0.480052 0.615824 0.022554 0.120750
3 0.587958 0.637118 0.035935 0.138607
1 0.436210 0.586660 0.022712 0.116228
3 0.452086 0.628598 0.018529 0.128336
1 0.598763 0.597307 0.023681 0.099281
3 0.464930 0.633121 0.022498 0.125175
3 0.457259 0.632218 0.023344 0.123417
3 0.450296 0.796293 0.043702 0.224710
