3 0.586107 0.663684 0.034431 0.155888
3 0.368658 0.688103 0.040936 0.183321
3 0.457584 0.716842 0.036593 0.182278
2 0.735031 0.531486 0.026966 0.150834
1 0.566013 0.621011 0.023507 0.134862
3 0.325109 0.640773 0.033834 0.146101
1 0.539059 0.606450 0.021650 0.103893
3 0.520393 0.650983 0.027549 0.129058
1 0.690157 0.599454 0.020988 0.094494
1 0.550767 0.589306 0.018599 0.099770
1 0.551793 0.615927 0.018276 0.138941
1 0.676415 0.561637 0.020150 0.094969
1 0.686994 0.593539 0.025503 0.106929
1 0.519876 0.587994 0.023941 0.078926
1 0.525236 0.576243 0.020592 0.079768
