3 0.510223 0.708393 0.053911 0.162198
2 0.729968 0.534743 0.035912 0.148305
1 0.603491 0.577193 0.022904 0.100265
3 0.277856 0.681992 0.034332 0.176067
3 0.376670 0.692902 0.060383 0.168466
1 0.663845 0.596669 0.022809 0.101689
1 0.494732 0.604582 0.021215 0.118743
3 0.457316 0.658202 0.029707 0.135758
1 0.550261 0.617889 0.027911 0.130928
3 0.479778 0.653521 0.025641 0.154536
3 0.468405 0.655857 0.016594 0.150091
3 0.299980 0.651902 0.021847 0.129294
3 0.465159 0.654640 0.021943 0.146231
1 0.534327 0.553100 0.019540 0.084128
