3 0.498297 0.709504 0.050183 0.147912
3 0.462091 0.658253 0.032835 0.147275
2 0.728969 0.533884 0.034875 0.151499
1 0.446715 0.614152 0.022019 0.116715
1 0.479963 0.613524 0.024473 0.128545
3 0.388087 0.715663 0.059572 0.163544
1 0.516932 0.614251 0.025346 0.139133
1 0.625754 0.605161 0.020757 0.103359
3 0.301269 0.650861 0.022169 0.134144
3 0.288423 0.689198 0.060693 0.141999
1 0.514416 0.599424 0.022206 0.131929
3 0.503564 0.668760 0.040207 0.141439
3 0.302738 0.644821 0.029700 0.127792
1 0.510907 0.578190 0.023648 0.105830
3 0.506214 0.632570 0.026953 0.115274
1 0.620626 0.571605 0.022693 0.084457
