2 0.716850 0.531110 0.045449 0.158448
3 0.572051 0.705730 0.034201 0.163145
3 0.528711 0.648769 0.028552 0.138684
3 0.493331 0.649780 0.022851 0.148387
1 0.567935 0.586254 0.022350 0.114217
3 0.445977 0.650506 0.034779 0.158734
3 0.481714 0.657180 0.023926 0.146389
1 0.515152 0.611646 0.024254 0.123390
1 0.613945 0.617313 0.028422 0.128168
1 0.484318 0.577919 0.021379 0.072737
1 0.630966 0.621136 0.021321 0.112968
1 0.640117 0.579913 0.020670 0.093613
1 0.636441 0.602453 0.022358 0.130863
1 0.634152 0.617154 0.021317 0.122127
3 0.487309 0.654279 0.030576 0.155724
1 0.487092 0.585134 0.019955 0.072788
