3 0.474842 0.667988 0.031227 0.162139
3 0.363919 0.673989 0.036432 0.172163
2 0.720481 0.532681 0.038019 0.151516
1 0.551066 0.617943 0.029751 0.123360
1 0.553211 0.600447 0.027085 0.135975
3 0.616330 0.654036 0.031443 0.144587
1 0.510675 0.614775 0.024858 0.125925
3 0.405002 0.634916 0.023636 0.120968
3 0.232877 0.668692 0.027170 0.139725
1 0.528620 0.589510 0.019042 0.107649
1 0.554849 0.578788 0.023172 0.099957
3 0.386593 0.625536 0.022600 0.123861
3 0.398961 0.632155 0.026917 0.126030
1 0.518029 0.609899 0.022307 0.129598
3 0.390426 0.632317 0.022353 0.127064
