3 0.418716 0.674144 0.023304 0.148580
2 0.729434 0.532712 0.039137 0.147323
3 0.386760 0.667671 0.038874 0.161576
3 0.510355 0.677959 0.041683 0.149457
1 0.479098 0.619820 0.026349 0.116106
1 0.653612 0.598575 0.025202 0.114095
3 0.440101 0.680172 0.029137 0.156499
1 0.593804 0.615826 0.028351 0.131301
1 0.470083 0.586738 0.025448 0.110680
1 0.523927 0.577903 0.020360 0.088490
1 0.605783 0.594869 0.020337 0.098411
3 0.403912 0.649463 0.021180 0.145481
3 0.406945 0.669744 0.022147 0.152905
3 0.391973 0.660032 0.025252 0.151364
1 0.609170 0.593313 0.019041 0.092028
