2 0.730194 0.534239 0.036832 0.152989
1 0.456258 0.615655 0.023378 0.120712
1 0.622091 0.580372 0.021338 0.106518
3 0.491622 0.717720 0.049240 0.156937
1 0.541360 0.617970 0.026081 0.134275
1 0.641661 0.604865 0.023973 0.101761
3 0.384680 0.693710 0.059261 0.164723
3 0.305783 0.668066 0.033195 0.161527
3 0.511082 0.649180 0.032755 0.148581
3 0.472975 0.662373 0.032867 0.148257
3 0.484441 0.683160 0.044775 0.199526
1 0.497596 0.599603 0.021918 0.098470
3 0.316495 0.663038 0.023568 0.155853
1 0.637188 0.595374 0.022246 0.099183
