3 0.491368 0.667261 0.028341 0.156114
2 0.736172 0.531828 0.026088 0.151475
1 0.544736 0.618052 0.026392 0.126543
3 0.404974 0.629806 0.023634 0.122552
3 0.378263 0.685277 0.044523 0.171522
1 0.513024 0.597809 0.022384 0.102681
1 0.559950 0.619272 0.021384 0.122301
1 0.585148 0.594591 0.022718 0.097443
3 0.392637 0.628052 0.022729 0.125602
3 0.591013 0.646899 0.026120 0.139124
3 0.396927 0.629998 0.029766 0.125732
3 0.195260 0.678302 0.030681 0.145142
1 0.552728 0.618689 0.031045 0.127048
1 0.556031 0.566212 0.022491 0.069996
1 0.588658 0.582970 0.025360 0.078444
