3 0.378337 0.680598 0.034555 0.149738
3 0.267249 0.672745 0.028810 0.167165
1 0.603068 0.591304 0.025299 0.107111
2 0.736481 0.534014 0.024428 0.148310
3 0.378416 0.653064 0.031943 0.201665
3 0.491331 0.626927 0.021174 0.131043
1 0.474166 0.615198 0.020022 0.123744
3 0.380008 0.611295 0.024148 0.112610
1 0.658349 0.616520 0.028543 0.130255
1 0.525994 0.588668 0.026513 0.110681
3 0.607131 0.683838 0.029090 0.147931
3 0.211854 0.838715 0.057679 0.271627
1 0.649206 0.603041 0.019851 0.120741
1 0.481745 0.573245 0.020241 0.083576
