1 0.523227 0.617170 0.024107 0.126879
3 0.358942 0.681064 0.056477 0.150171
1 0.620325 0.619615 0.026486 0.132807
3 0.462422 0.709403 0.052057 0.152179
2 0.729204 0.532745 0.037023 0.153146
1 0.504952 0.604652 0.020844 0.122966
1 0.578691 0.593117 0.023625 0.105082
3 0.553344 0.643751 0.026763 0.138727
1 0.649119 0.609653 0.026218 0.110128
3 0.411485 0.655667 0.030142 0.131412
3 0.395217 0.645281 0.021897 0.113604
1 0.539994 0.575569 0.022485 0.093932
3 0.490762 0.629932 0.022951 0.121577
1 0.520347 0.606942 0.022462 0.132085
