3 0.481691 0.684377 0.058267 0.156657
3 0.311847 0.647672 0.027969 0.140163
2 0.728682 0.531200 0.034965 0.152982
1 0.476192 0.597584 0.025165 0.102305
3 0.289026 0.685208 0.032866 0.168736
1 0.545501 0.620182 0.025200 0.134091
3 0.397131 0.671689 0.040388 0.123741
1 0.505275 0.617079 0.022441 0.128290
1 0.683004 0.605343 0.026500 0.120792
3 0.597876 0.680007 0.034335 0.144575
1 0.611263 0.576345 0.022481 0.095232
3 0.522065 0.630751 0.024567 0.131525
1 0.508784 0.572223 0.023094 0.086484
1 0.513258 0.562571 0.019210 0.071723
