1 0.556023 0.619851 0.022403 0.136940
3 0.357456 0.674646 0.042884 0.174436
2 0.730287 0.534970 0.031904 0.150085
3 0.460627 0.713672 0.041659 0.173901
3 0.312272 0.664525 0.029593 0.143979
3 0.597157 0.667221 0.031175 0.169416
1 0.533155 0.616075 0.026892 0.130954
3 0.490713 0.632055 0.023342 0.134831
3 0.575129 0.663266 0.027751 0.152034
1 0.644493 0.606350 0.032992 0.106676
1 0.506029 0.586950 0.020903 0.100997
1 0.598526 0.571484 0.019517 0.086686
1 0.557408 0.595988 0.023529 0.132482
1 0.557385 0.600211 0.019748 0.110220
