2 0.730433 0.531795 0.037955 0.147674
3 0.392930 0.667058 0.029254 0.157020
3 0.417311 0.686664 0.026446 0.149185
3 0.566623 0.671530 0.043187 0.163260
3 0.504677 0.668466 0.037067 0.164835
3 0.431168 0.645240 0.026713 0.142769
1 0.592522 0.612433 0.026665 0.128063
1 0.671022 0.600026 0.023407 0.101704
1 0.624600 0.606531 0.025379 0.116830
1 0.612441 0.599596 0.021103 0.126330
3 0.358735 0.659688 0.028507 0.142827
1 0.674077 0.594168 0.025764 0.114152
1 0.617025 0.598450 0.026026 0.120215
1 0.607906 0.605945 0.019363 0.128578
3 0.426015 0.670191 0.030804 0.189817
