2 0.731082 0.533152 0.039027 0.152072
3 0.484353 0.652632 0.032540 0.157918
3 0.378770 0.684913 0.046968 0.180949
3 0.550223 0.698645 0.036448 0.160565
1 0.463481 0.592558 0.020150 0.086901
1 0.652724 0.601373 0.024566 0.099724
3 0.458215 0.658357 0.031155 0.136336
3 0.301856 0.646826 0.023141 0.131746
1 0.667166 0.580853 0.021465 0.104484
1 0.440894 0.610682 0.022486 0.115558
3 0.283431 0.681725 0.028271 0.176100
1 0.544201 0.603767 0.025954 0.101437
1 0.543149 0.582667 0.022627 0.096545
1 0.664431 0.586699 0.017838 0.111534
