3 0.557714 0.676922 0.032083 0.167878
3 0.435457 0.704592 0.038380 0.167619
3 0.391265 0.650103 0.028565 0.143286
1 0.591642 0.618835 0.023402 0.126837
2 0.733780 0.531938 0.026905 0.150425
3 0.297647 0.675911 0.035867 0.163413
3 0.473176 0.635283 0.025928 0.145357
1 0.619962 0.605205 0.023281 0.107231
1 0.516097 0.600172 0.023934 0.109909
1 0.409054 0.603161 0.024105 0.125214
1 0.577449 0.577121 0.017967 0.092191
1 0.554946 0.564202 0.020606 0.091011
1 0.580892 0.606055 0.019938 0.141105
3 0.277165 0.638150 0.022234 0.122923
