1 0.465979 0.608946 0.021169 0.113371
3 0.326344 0.653805 0.035105 0.152770
3 0.554975 0.646170 0.025097 0.124180
2 0.729073 0.532998 0.034899 0.148020
1 0.665870 0.619787 0.023820 0.136460
1 0.494203 0.606559 0.022734 0.102554
3 0.516267 0.634882 0.024342 0.137168
3 0.533096 0.671186 0.032065 0.147673
3 0.426762 0.625040 0.026190 0.132483
3 0.445983 0.657970 0.028375 0.129900
1 0.596510 0.607484 0.025667 0.126680
1 0.658430 0.612709 0.023241 0.131715
3 0.527146 0.660515 0.036116 0.163081
3 0.551761 0.652594 0.021302 0.135519
