3 0.250511 0.691888 0.039499 0.179885
1 0.666283 0.599451 0.027381 0.114641
2 0.729574 0.532208 0.034697 0.153473
1 0.642185 0.583176 0.024214 0.112197
1 0.576307 0.595296 0.021234 0.106961
1 0.546252 0.581230 0.020424 0.093369
3 0.532557 0.633707 0.029383 0.134308
1 0.461784 0.590484 0.021320 0.119054
1 0.558421 0.604104 0.023249 0.103863
3 0.365767 0.752116 0.078419 0.215736
3 0.440222 0.627848 0.038710 0.128201
3 0.338172 0.640470 0.020967 0.132603
3 0.440621 0.627777 0.027508 0.131250
1 0.562889 0.601193 0.020773 0.103286
