1 0.482148 0.616267 0.022452 0.127656
3 0.319217 0.668856 0.045652 0.160072
2 0.721102 0.530173 0.038243 0.150815
3 0.522823 0.695171 0.039840 0.181370
3 0.459288 0.687191 0.037945 0.156640
1 0.675076 0.606906 0.029497 0.112357
1 0.512644 0.581432 0.020712 0.102889
3 0.581017 0.645809 0.035606 0.138140
1 0.530541 0.603321 0.024492 0.100140
1 0.600959 0.588365 0.024846 0.114747
3 0.377859 0.639646 0.032623 0.113815
3 0.458439 0.627733 0.026596 0.113918
1 0.559085 0.603940 0.022252 0.104783
3 0.459263 0.645874 0.029815 0.130969
