3 0.520116 0.699324 0.041177 0.181550
1 0.479133 0.614566 0.028657 0.125650
1 0.545237 0.618973 0.024381 0.129784
3 0.573424 0.671737 0.030780 0.154722
2 0.720299 0.529743 0.039405 0.149780
3 0.257600 0.687148 0.035607 0.169266
1 0.599520 0.589902 0.025602 0.112773
3 0.396996 0.689542 0.032325 0.160530
1 0.555466 0.577574 0.023286 0.096299
1 0.551258 0.611859 0.026473 0.139033
3 0.327694 0.639194 0.023921 0.124359
1 0.517724 0.602190 0.020874 0.100217
1 0.595586 0.580249 0.024325 0.110528
3 0.505487 0.626111 0.021892 0.121650
