3 0.486647 0.645756 0.026700 0.129882
2 0.729856 0.533434 0.036197 0.152932
3 0.569791 0.656157 0.030021 0.150070
1 0.616756 0.607916 0.026438 0.109148
3 0.380297 0.655019 0.035484 0.147356
1 0.596137 0.596431 0.021471 0.121895
3 0.231590 0.684706 0.026609 0.149413
3 0.373517 0.760844 0.046682 0.222188
1 0.518210 0.594937 0.022035 0.119855
1 0.581280 0.607034 0.020931 0.111662
3 0.321415 0.638468 0.029584 0.129197
1 0.530747 0.586092 0.020779 0.111518
1 0.610272 0.602658 0.023198 0.115776
1 0.592137 0.605462 0.026921 0.126343
1 0.586438 0.607641 0.020773 0.119067
