1 0.519605 0.584725 0.024639 0.103796
2 0.720854 0.530122 0.039322 0.149643
3 0.305126 0.677008 0.048125 0.171670
3 0.460433 0.705671 0.038079 0.191442
1 0.561858 0.603926 0.026592 0.105645
3 0.593934 0.640229 0.029636 0.140097
1 0.601488 0.574085 0.024165 0.083347
1 0.489965 0.582075 0.023098 0.078318
1 0.630741 0.613458 0.027386 0.101684
3 0.372618 0.629944 0.026768 0.128716
3 0.497263 0.635051 0.030561 0.114191
1 0.500723 0.619182 0.026603 0.115348
1 0.506949 0.589755 0.016276 0.091069
1 0.498814 0.633385 0.031196 0.120259
