1 0.527515 0.618108 0.028067 0.135584
3 0.568196 0.673574 0.030384 0.162051
3 0.392991 0.687950 0.034063 0.158057
1 0.593429 0.619658 0.026861 0.127092
2 0.720161 0.529552 0.039636 0.150095
3 0.307881 0.672960 0.038278 0.158599
3 0.414590 0.658394 0.026287 0.139842
1 0.455664 0.587037 0.023064 0.098691
1 0.607437 0.565391 0.021425 0.090677
1 0.559495 0.573929 0.020030 0.100421
1 0.556453 0.586065 0.023606 0.109498
1 0.557459 0.564860 0.023381 0.075374
1 0.602897 0.571202 0.023766 0.091149
1 0.551885 0.617099 0.019014 0.093549
3 0.398193 0.677928 0.036037 0.178197
