1 0.601939 0.593465 0.024946 0.102047
3 0.259886 0.665245 0.031945 0.153425
2 0.729200 0.532301 0.041208 0.149793
1 0.481301 0.585790 0.024111 0.107078
3 0.342025 0.629556 0.029583 0.141437
3 0.619148 0.680292 0.034671 0.145366
3 0.224156 0.760800 0.065237 0.216891
1 0.534874 0.587264 0.024354 0.111194
1 0.497135 0.621698 0.021692 0.117395
3 0.380053 0.679413 0.032896 0.153912
1 0.648648 0.599312 0.021539 0.110062
1 0.641380 0.605556 0.024974 0.116108
1 0.635516 0.612008 0.022118 0.119364
3 0.514969 0.627975 0.021127 0.126138
