3 0.423825 0.650058 0.031670 0.150530
2 0.729470 0.533983 0.035723 0.155658
3 0.384124 0.664572 0.033495 0.145823
3 0.514304 0.674154 0.039614 0.162459
3 0.578693 0.672408 0.029137 0.148080
1 0.649963 0.609159 0.025944 0.103562
1 0.596523 0.622281 0.027581 0.120166
1 0.519839 0.580064 0.024365 0.096593
1 0.603207 0.613338 0.032426 0.120257
3 0.284193 0.658026 0.031725 0.155060
1 0.607499 0.591198 0.027311 0.110052
1 0.470235 0.616006 0.027217 0.122524
1 0.451302 0.592682 0.020155 0.108355
3 0.338147 0.647759 0.031553 0.124288
1 0.612148 0.599098 0.026650 0.094553
1 0.455368 0.609041 0.027289 0.135770
