1 0.520883 0.610320 0.026567 0.126400
3 0.473069 0.672187 0.036714 0.142719
3 0.549316 0.682237 0.044872 0.164958
2 0.735825 0.534120 0.025008 0.147698
3 0.368801 0.630545 0.030869 0.133342
1 0.455914 0.616018 0.024466 0.112156
1 0.496820 0.584663 0.020678 0.100245
1 0.568298 0.616806 0.025191 0.123811
3 0.337020 0.629422 0.023874 0.121732
1 0.590729 0.576159 0.022762 0.105629
3 0.351126 0.694573 0.030632 0.164384
1 0.637638 0.603387 0.023390 0.104488
3 0.346025 0.681231 0.036151 0.174392
3 0.339886 0.647177 0.025255 0.126044
3 0.338281 0.664136 0.026152 0.167791
