3 0.445492 0.693859 0.037955 0.153811
2 0.728752 0.532100 0.034706 0.152130
3 0.573292 0.680203 0.033722 0.162974
1 0.519905 0.615474 0.030150 0.127337
0 0.502059 0.417487 0.017732 0.031238
1 0.672911 0.608562 0.035226 0.101082
1 0.452596 0.601297 0.021500 0.113092
1 0.582953 0.574384 0.018965 0.092245
3 0.469470 0.651182 0.026354 0.125115
3 0.328068 0.650983 0.024347 0.132056
1 0.564188 0.605829 0.025918 0.108428
1 0.530765 0.578463 0.020357 0.099491
3 0.567838 0.674492 0.031990 0.176244
1 0.561335 0.626555 0.030696 0.136264
3 0.561838 0.645293 0.026280 0.136372
1 0.570371 0.590200 0.025863 0.096218
