3 0.293434 0.656185 0.033754 0.155390
3 0.497061 0.702008 0.036550 0.174654
2 0.720834 0.528688 0.039198 0.150689
3 0.419640 0.650818 0.027942 0.147646
1 0.633653 0.582867 0.027609 0.104596
3 0.543420 0.670447 0.028342 0.145121
3 0.317186 0.635177 0.021938 0.122813
1 0.591179 0.609223 0.024887 0.123666
1 0.506196 0.585455 0.021969 0.112086
3 0.484882 0.629674 0.028135 0.136424
1 0.574165 0.581266 0.021328 0.102417
3 0.489564 0.637814 0.024265 0.136434
1 0.581906 0.594525 0.023545 0.112772
1 0.501993 0.592437 0.022004 0.119753
