0 0.539597 0.397732 0.017269 0.036680
1 0.573676 0.628298 0.034891 0.126973
2 0.727436 0.531853 0.033900 0.150372
1 0.507940 0.614696 0.022899 0.130109
3 0.475384 0.674368 0.039136 0.162881
3 0.295113 0.670317 0.034180 0.159409
3 0.316891 0.645994 0.028012 0.135781
3 0.530129 0.640547 0.031218 0.144570
3 0.418395 0.677883 0.032873 0.156135
1 0.689550 0.597358 0.027959 0.115628
1 0.593544 0.581257 0.021511 0.093832
3 0.594721 0.671799 0.031720 0.133411
1 0.476279 0.587231 0.019528 0.080824
1 0.467558 0.586119 0.019539 0.082024
3 0.313554 0.659696 0.024836 0.152664
