3 0.467086 0.707795 0.038731 0.169471
3 0.503467 0.664694 0.027977 0.136812
3 0.347969 0.680162 0.040284 0.176647
2 0.731588 0.533618 0.032535 0.148200
1 0.530573 0.615762 0.022812 0.123859
3 0.588948 0.668749 0.037657 0.162121
1 0.626437 0.585996 0.023093 0.093132
1 0.439281 0.602257 0.026183 0.113635
3 0.304498 0.642687 0.023543 0.142364
1 0.647394 0.565941 0.020737 0.094600
1 0.488339 0.610812 0.022250 0.118224
3 0.297715 0.641131 0.031124 0.147054
1 0.483621 0.603028 0.023368 0.129662
1 0.474690 0.589978 0.019628 0.116105
