1 0.500506 0.615575 0.030583 0.130423
1 0.614615 0.582284 0.020486 0.105366
2 0.728961 0.532504 0.037496 0.150114
3 0.401188 0.663930 0.032183 0.136269
1 0.594616 0.628386 0.031778 0.127782
3 0.476695 0.648853 0.032408 0.145998
3 0.370371 0.644185 0.025844 0.108477
1 0.632652 0.608436 0.022308 0.104795
1 0.518158 0.576021 0.022178 0.096469
3 0.539491 0.640219 0.030434 0.145564
3 0.430566 0.684878 0.035475 0.170671
3 0.442125 0.624981 0.022707 0.135677
0 0.490932 0.394381 0.019133 0.030989
1 0.514243 0.588291 0.024727 0.109400
