3 0.468966 0.710196 0.037153 0.162164
3 0.398516 0.683666 0.046532 0.173046
3 0.334925 0.658507 0.036594 0.131820
2 0.728982 0.533668 0.035138 0.152800
3 0.518846 0.636069 0.026942 0.133457
1 0.629211 0.579201 0.024642 0.099326
3 0.562967 0.696223 0.030278 0.159620
1 0.546492 0.620729 0.023452 0.127792
3 0.476774 0.706526 0.034007 0.163153
1 0.458716 0.590625 0.021778 0.102304
1 0.646428 0.613071 0.031788 0.103396
1 0.555850 0.574371 0.023556 0.101833
3 0.487613 0.650073 0.027296 0.112120
1 0.492810 0.605596 0.023360 0.107258
1 0.549038 0.605601 0.023258 0.127478
1 0.489504 0.634749 0.026259 0.140639
