3 0.348413 0.690949 0.032477 0.154372
3 0.628844 0.655874 0.028835 0.133136
1 0.675583 0.613574 0.029049 0.124709
2 0.736744 0.532600 0.025725 0.147889
3 0.366003 0.627342 0.028976 0.132320
3 0.254580 0.662081 0.029500 0.152149
1 0.646543 0.596419 0.023506 0.108333
1 0.490545 0.620621 0.027789 0.118204
3 0.266693 0.801722 0.069454 0.250779
3 0.538769 0.636744 0.024140 0.129178
1 0.594446 0.591445 0.022819 0.098896
1 0.532401 0.572787 0.021662 0.084189
1 0.482956 0.580524 0.024891 0.102618
1 0.485464 0.597064 0.021954 0.131707
