3 0.350843 0.668802 0.030914 0.153002
1 0.496663 0.621198 0.025834 0.122003
2 0.729944 0.533212 0.039195 0.148918
3 0.386387 0.649905 0.031003 0.154290
3 0.418271 0.694110 0.035660 0.179549
3 0.545391 0.681348 0.031733 0.152791
3 0.469183 0.647068 0.026717 0.143863
1 0.598904 0.615590 0.029860 0.132289
1 0.659655 0.597385 0.024085 0.109756
1 0.583494 0.592366 0.020392 0.097023
1 0.470648 0.572307 0.024870 0.084210
1 0.505082 0.612413 0.024971 0.131612
1 0.510104 0.575437 0.019524 0.091594
1 0.585169 0.606843 0.021162 0.123002
