3 0.539490 0.706985 0.060664 0.161766
1 0.540808 0.600037 0.020488 0.105859
3 0.409657 0.693375 0.060438 0.173188
2 0.728410 0.530771 0.038127 0.146861
1 0.520754 0.612244 0.026893 0.131122
3 0.591737 0.653151 0.029356 0.152589
3 0.329200 0.648555 0.024424 0.123628
1 0.469054 0.602795 0.021574 0.113349
1 0.478418 0.610866 0.025911 0.114378
3 0.365793 0.622907 0.025492 0.126569
1 0.600153 0.591941 0.020000 0.093353
1 0.524092 0.606294 0.021755 0.123341
3 0.419662 0.613781 0.023597 0.107176
1 0.518838 0.596671 0.024343 0.112451
