2 0.730364 0.531409 0.040848 0.151904
0 0.475513 0.471818 0.022585 0.040353
3 0.622422 0.663122 0.032320 0.136462
1 0.604274 0.594823 0.025532 0.099146
1 0.518842 0.587835 0.023664 0.105972
3 0.535125 0.633913 0.027156 0.136349
3 0.345737 0.628199 0.027275 0.125896
1 0.647801 0.596615 0.025790 0.110628
3 0.355742 0.690819 0.029772 0.155266
1 0.489265 0.621183 0.029803 0.116006
1 0.686226 0.614896 0.030809 0.126767
3 0.282289 0.652257 0.029310 0.149442
3 0.288260 0.805553 0.082501 0.252655
3 0.352988 0.668254 0.031797 0.198039
