2 0.728315 0.534380 0.035094 0.153846
1 0.583189 0.624303 0.024333 0.125313
3 0.373719 0.665615 0.032595 0.161016
3 0.509345 0.657034 0.039992 0.152467
1 0.538382 0.586063 0.022176 0.094816
1 0.605712 0.600624 0.021682 0.104633
3 0.431811 0.633037 0.022862 0.130424
3 0.617590 0.648982 0.028452 0.147224
1 0.482760 0.602151 0.027342 0.103232
1 0.608548 0.583385 0.026343 0.103859
3 0.203024 0.682849 0.028462 0.149492
3 0.388667 0.629693 0.021136 0.124984
3 0.389921 0.649255 0.020232 0.166527
1 0.610641 0.567464 0.024733 0.079445
3 0.386988 0.657167 0.021646 0.174295
