3 0.465214 0.643744 0.025215 0.142677
2 0.720141 0.530036 0.038962 0.148582
1 0.544526 0.593863 0.024037 0.103459
1 0.580091 0.615610 0.025769 0.123747
3 0.329280 0.652544 0.027016 0.153975
3 0.444273 0.652180 0.025480 0.148164
3 0.492000 0.662434 0.023192 0.133811
3 0.510867 0.682493 0.029971 0.154155
1 0.639976 0.583831 0.025462 0.111492
1 0.571708 0.583018 0.022092 0.104742
1 0.501571 0.595127 0.020473 0.089642
1 0.576574 0.607461 0.027321 0.130620
1 0.502794 0.581925 0.020542 0.092948
1 0.494587 0.612801 0.022549 0.109577
