3 0.401605 0.702010 0.032341 0.165858
2 0.729704 0.534946 0.035842 0.151880
3 0.557358 0.663179 0.031801 0.154117
3 0.384292 0.666349 0.028000 0.170505
1 0.540657 0.602131 0.020321 0.099600
3 0.419290 0.647703 0.026332 0.141530
3 0.521188 0.639116 0.025888 0.131508
1 0.492204 0.598585 0.026852 0.118132
1 0.550723 0.566308 0.017855 0.091569
1 0.574832 0.604248 0.020868 0.108521
1 0.605684 0.583612 0.022833 0.100880
1 0.628118 0.611617 0.022533 0.103437
1 0.547579 0.578594 0.019921 0.110548
3 0.395308 0.674877 0.027207 0.167696
3 0.406504 0.694690 0.032081 0.172515
3 0.387370 0.651961 0.032581 0.141220
