1 0.652153 0.587079 0.023788 0.108806
3 0.379048 0.690937 0.038622 0.156758
3 0.302570 0.664286 0.033665 0.159593
1 0.453269 0.602298 0.022981 0.105828
3 0.500453 0.648369 0.026061 0.139349
1 0.614094 0.617603 0.025999 0.134099
1 0.532698 0.621102 0.025540 0.141670
3 0.544660 0.655261 0.027904 0.144896
3 0.364887 0.633334 0.023743 0.120975
1 0.485441 0.601168 0.021315 0.098608
2 0.726666 0.528760 0.024958 0.147780
1 0.639422 0.613768 0.021774 0.113425
1 0.533925 0.605684 0.023133 0.106901
3 0.420831 0.665096 0.033614 0.118125
3 0.426584 0.654766 0.027943 0.097172
