1 0.470964 0.590045 0.024288 0.108229
1 0.536849 0.590346 0.026401 0.101817
2 0.733637 0.532734 0.030933 0.150759
1 0.570965 0.584323 0.025196 0.105221
3 0.346149 0.635920 0.022281 0.122341
3 0.365841 0.664398 0.032324 0.166848
3 0.283582 0.663865 0.027795 0.157879
3 0.577749 0.682151 0.033432 0.156275
1 0.618510 0.589193 0.022160 0.109659
3 0.443580 0.795698 0.047297 0.252355
3 0.507807 0.632029 0.029346 0.134371
1 0.642663 0.613060 0.028488 0.139632
1 0.637228 0.620441 0.033709 0.158904
3 0.348302 0.650910 0.023403 0.148587
