3 0.541430 0.650076 0.034300 0.145508
2 0.719613 0.533164 0.038285 0.147442
3 0.372798 0.689447 0.039517 0.172507
3 0.347895 0.660212 0.022483 0.152141
3 0.409410 0.705893 0.033655 0.170471
1 0.467277 0.592405 0.025858 0.110857
3 0.333805 0.656790 0.023265 0.144533
3 0.462206 0.720585 0.050938 0.199296
1 0.643598 0.606405 0.020555 0.099569
1 0.569657 0.597241 0.025908 0.103683
1 0.514600 0.581868 0.025500 0.102740
1 0.599642 0.598285 0.023106 0.113530
1 0.631455 0.589642 0.022376 0.115664
1 0.635795 0.591525 0.025760 0.120177
1 0.575267 0.597613 0.034551 0.107700
