3 0.429118 0.703745 0.039881 0.173639
1 0.476247 0.615245 0.026927 0.127897
1 0.531405 0.620814 0.023251 0.127445
1 0.456280 0.580518 0.021031 0.081872
3 0.550514 0.631636 0.023961 0.139918
3 0.325330 0.644963 0.030457 0.141007
2 0.721088 0.529683 0.039242 0.148380
1 0.515503 0.580301 0.021760 0.102059
3 0.574868 0.711840 0.042425 0.157448
3 0.305232 0.703374 0.046357 0.130450
1 0.654111 0.605100 0.023756 0.109034
3 0.452132 0.659120 0.025756 0.135335
1 0.523539 0.603237 0.022112 0.108676
1 0.656494 0.575678 0.024923 0.152271
1 0.532390 0.593496 0.020809 0.119186
3 0.311488 0.680397 0.046426 0.156649
