1 0.526834 0.608735 0.022575 0.111976
3 0.554884 0.639346 0.023936 0.119235
3 0.572481 0.692745 0.032808 0.148571
3 0.435757 0.694326 0.037883 0.172937
1 0.618902 0.609314 0.025939 0.109740
2 0.720181 0.530729 0.040387 0.151603
1 0.431980 0.594202 0.023783 0.108723
3 0.484324 0.624023 0.026672 0.133800
3 0.341129 0.638392 0.029424 0.134488
3 0.317050 0.683778 0.036840 0.136430
1 0.511837 0.587738 0.022916 0.117689
1 0.585746 0.621957 0.023404 0.116402
1 0.582701 0.614910 0.025049 0.124258
1 0.578496 0.589928 0.026742 0.112294
1 0.516007 0.596314 0.023685 0.127193
