3 0.540082 0.643577 0.028241 0.137437
2 0.728480 0.532427 0.034370 0.153350
3 0.468185 0.707010 0.039101 0.167886
1 0.556573 0.617076 0.023159 0.121807
1 0.494883 0.613205 0.024925 0.124499
3 0.311123 0.681684 0.034910 0.160722
1 0.669723 0.602128 0.027455 0.104070
1 0.578362 0.583893 0.024821 0.104197
3 0.442627 0.660781 0.037545 0.132142
3 0.570244 0.682892 0.033018 0.168506
3 0.284895 0.672167 0.031756 0.149540
1 0.463596 0.591595 0.020755 0.100278
1 0.466716 0.595236 0.020506 0.100902
1 0.552600 0.590468 0.021747 0.132207
