2 0.729374 0.534900 0.035099 0.151322
3 0.455934 0.714756 0.062111 0.144642
1 0.539848 0.618271 0.024632 0.131729
3 0.557165 0.630134 0.023674 0.132989
3 0.295547 0.660572 0.037713 0.146929
1 0.640891 0.612469 0.025399 0.110035
3 0.562245 0.723089 0.049251 0.157135
3 0.348880 0.709197 0.049709 0.136745
1 0.594367 0.594545 0.023400 0.116076
1 0.472201 0.612008 0.032509 0.131272
3 0.443785 0.676404 0.036417 0.183770
3 0.442730 0.661182 0.030536 0.139449
1 0.466046 0.606855 0.024026 0.134258
1 0.646185 0.587045 0.026155 0.121752
1 0.461896 0.590645 0.020150 0.103436
1 0.456400 0.575586 0.022412 0.091270
3 0.451124 0.689264 0.052463 0.192327
