2 0.720139 0.531363 0.037962 0.149021
3 0.571642 0.708747 0.036738 0.170060
3 0.453311 0.714416 0.043175 0.167129
1 0.486921 0.615575 0.027481 0.133831
3 0.306445 0.651767 0.025431 0.152068
1 0.518195 0.613977 0.022850 0.153694
1 0.432487 0.592714 0.024199 0.094167
1 0.668827 0.615653 0.028307 0.110211
3 0.293101 0.690060 0.032025 0.153127
3 0.436561 0.663514 0.031541 0.141489
3 0.533567 0.636293 0.027829 0.133517
3 0.448048 0.702106 0.042256 0.182338
3 0.439338 0.681563 0.029993 0.181389
3 0.301670 0.665350 0.033914 0.176250
