3 0.253344 0.668859 0.036859 0.152581
1 0.601528 0.593622 0.023912 0.101940
3 0.619116 0.680545 0.035048 0.146761
3 0.389706 0.679212 0.035059 0.154396
1 0.480753 0.586824 0.023653 0.108098
2 0.735974 0.532883 0.025404 0.148973
1 0.532500 0.585126 0.025788 0.115338
3 0.354214 0.629284 0.025734 0.139826
3 0.200976 0.791003 0.059304 0.233590
1 0.633052 0.616599 0.024559 0.123382
1 0.649265 0.597878 0.021744 0.109638
1 0.645908 0.602186 0.020783 0.110774
1 0.638582 0.608575 0.027971 0.107138
3 0.506633 0.628941 0.025020 0.133554
1 0.493371 0.619435 0.018342 0.117856
