3 0.572218 0.697062 0.062638 0.170548
1 0.508933 0.615323 0.024746 0.126433
1 0.470267 0.619274 0.022637 0.122690
2 0.729592 0.535051 0.035691 0.151148
3 0.407063 0.678916 0.034899 0.160864
1 0.658154 0.585223 0.027476 0.096791
3 0.442698 0.660600 0.026711 0.133874
1 0.546158 0.620284 0.028326 0.127063
3 0.489460 0.640210 0.025638 0.131992
1 0.630342 0.581695 0.026636 0.105469
3 0.332138 0.641861 0.028047 0.132515
3 0.281240 0.704132 0.036742 0.138468
1 0.548180 0.602150 0.027593 0.125436
1 0.548937 0.573671 0.023541 0.086755
