3 0.409125 0.656689 0.031582 0.134459
1 0.549296 0.616852 0.028822 0.130739
3 0.500838 0.713043 0.044976 0.171683
2 0.729360 0.533665 0.035849 0.151803
3 0.606599 0.658472 0.032296 0.152269
1 0.652276 0.612304 0.025128 0.108466
3 0.582625 0.674389 0.031069 0.160772
3 0.367486 0.686320 0.054017 0.157849
1 0.448764 0.593402 0.021117 0.101487
1 0.613649 0.580618 0.023695 0.098667
3 0.591451 0.671173 0.024027 0.165349
1 0.497289 0.609878 0.025854 0.121832
1 0.500337 0.600949 0.026633 0.109160
3 0.325752 0.697510 0.035522 0.094132
3 0.600373 0.661963 0.026953 0.159849
