1 0.554616 0.619646 0.021983 0.135185
3 0.454550 0.708993 0.037338 0.172884
2 0.729870 0.533059 0.034545 0.149283
3 0.318318 0.668545 0.033090 0.141605
3 0.595581 0.666450 0.029085 0.161345
1 0.532206 0.616535 0.026175 0.129595
3 0.485654 0.632179 0.029408 0.134768
1 0.546591 0.615633 0.020531 0.134327
3 0.350957 0.676088 0.041489 0.172246
3 0.572563 0.664069 0.025964 0.144642
1 0.549946 0.618458 0.021107 0.132241
1 0.606789 0.596577 0.023539 0.115175
1 0.603061 0.588324 0.024997 0.116229
1 0.558690 0.585759 0.021672 0.125032
1 0.600531 0.575101 0.022703 0.092522
