1 0.505671 0.607681 0.022740 0.119655
3 0.389352 0.684165 0.033690 0.159867
3 0.592051 0.693753 0.036093 0.158317
3 0.245924 0.681138 0.039943 0.174758
3 0.315854 0.648043 0.026754 0.150713
3 0.465319 0.704537 0.040600 0.180410
2 0.722754 0.529920 0.034715 0.149365
3 0.522678 0.630458 0.024722 0.134874
1 0.464206 0.598938 0.020819 0.100513
1 0.541617 0.570829 0.026074 0.079412
1 0.592529 0.590034 0.024653 0.112407
1 0.451785 0.586758 0.021611 0.100016
1 0.459270 0.592588 0.023228 0.100209
1 0.520645 0.582812 0.020718 0.086010
