0 0.553112 0.427151 0.019162 0.035695
2 0.729924 0.531245 0.038900 0.148187
3 0.341668 0.677202 0.052173 0.155791
1 0.504300 0.603978 0.023849 0.125057
3 0.487648 0.695871 0.035338 0.156464
3 0.556123 0.658918 0.032356 0.159629
3 0.641393 0.646545 0.046798 0.142761
1 0.688440 0.626864 0.045984 0.126958
3 0.458116 0.649227 0.031401 0.140881
1 0.526866 0.596101 0.021568 0.106946
1 0.592111 0.581858 0.023021 0.108527
1 0.677276 0.625212 0.028084 0.128492
1 0.536782 0.585861 0.021991 0.103722
1 0.520505 0.593598 0.020188 0.108658
