2 0.729660 0.534246 0.036940 0.147972
3 0.319116 0.672770 0.044037 0.133048
3 0.452616 0.707726 0.039305 0.163682
3 0.597537 0.666379 0.031533 0.165556
3 0.572232 0.662407 0.028308 0.148619
1 0.541532 0.620079 0.032092 0.135577
3 0.357951 0.682174 0.046498 0.164213
1 0.459700 0.594734 0.021287 0.102560
3 0.482175 0.638002 0.025302 0.131009
1 0.681027 0.607468 0.023531 0.104336
1 0.548283 0.617093 0.022686 0.135998
1 0.550320 0.601775 0.019287 0.126054
1 0.596907 0.569791 0.020499 0.083903
1 0.550639 0.567993 0.019079 0.106616
