3 0.498593 0.699166 0.039439 0.159513
2 0.736595 0.532427 0.024241 0.150070
1 0.582960 0.587125 0.027395 0.111321
1 0.634047 0.589301 0.025960 0.106000
1 0.518834 0.593288 0.022430 0.109273
3 0.542610 0.638906 0.026336 0.139653
3 0.468625 0.669680 0.032244 0.157002
3 0.417004 0.677620 0.053076 0.169172
1 0.656547 0.611871 0.022622 0.105721
1 0.465929 0.589580 0.022287 0.087526
1 0.562645 0.612995 0.021024 0.118501
3 0.363510 0.682436 0.031908 0.156422
3 0.336961 0.668947 0.036759 0.150011
3 0.341485 0.661981 0.026000 0.136447
3 0.368511 0.682178 0.046018 0.155708
