3 0.572273 0.697615 0.062039 0.168974
2 0.728921 0.533755 0.035497 0.153772
3 0.421503 0.674524 0.033735 0.148669
3 0.390756 0.680034 0.030503 0.163158
1 0.507452 0.613686 0.025353 0.126362
1 0.555921 0.613467 0.023260 0.111078
3 0.485300 0.640144 0.030025 0.132462
3 0.297594 0.649939 0.034970 0.129998
1 0.544372 0.587838 0.021928 0.100844
1 0.464501 0.612266 0.020781 0.116439
1 0.636612 0.586206 0.025310 0.114791
1 0.550270 0.615246 0.021725 0.121715
3 0.246612 0.715022 0.036381 0.137692
1 0.558399 0.605131 0.019657 0.102464
