2 0.729036 0.532849 0.037205 0.155898
3 0.575540 0.684410 0.041672 0.173079
1 0.599102 0.608898 0.022965 0.110454
3 0.474017 0.666544 0.036442 0.148621
1 0.532633 0.617640 0.023136 0.117726
1 0.512618 0.619538 0.021526 0.128910
3 0.345617 0.636799 0.024107 0.123284
1 0.629504 0.585956 0.025567 0.107697
1 0.458973 0.600015 0.023364 0.110178
3 0.413553 0.651952 0.033146 0.152770
3 0.391631 0.641949 0.026436 0.144797
1 0.538774 0.577554 0.018952 0.104130
1 0.536396 0.607469 0.020193 0.126752
1 0.462369 0.594854 0.029021 0.096994
