2 0.729210 0.533209 0.035529 0.153976
3 0.577552 0.687724 0.038568 0.170420
3 0.560125 0.635513 0.029518 0.134005
3 0.310930 0.674180 0.034121 0.146200
3 0.403194 0.649032 0.033888 0.144898
1 0.627362 0.619633 0.040597 0.116704
1 0.522027 0.577827 0.034580 0.112486
1 0.501807 0.582436 0.021282 0.101652
3 0.478474 0.692210 0.056409 0.149917
3 0.431318 0.632609 0.031062 0.119950
1 0.605276 0.615170 0.022818 0.120526
1 0.626693 0.604216 0.034835 0.143344
1 0.621804 0.603864 0.028782 0.132642
3 0.569194 0.665960 0.027583 0.151363
1 0.609075 0.618094 0.018690 0.121268
