2 0.730347 0.535304 0.036156 0.151707
3 0.335251 0.672146 0.041996 0.167970
1 0.543741 0.622485 0.025780 0.134189
3 0.428909 0.704072 0.049799 0.151730
3 0.592809 0.674034 0.035039 0.158394
3 0.513944 0.681154 0.035541 0.143473
1 0.487121 0.583468 0.021791 0.101900
1 0.639820 0.604195 0.023009 0.102950
1 0.507257 0.607506 0.025519 0.108030
3 0.317397 0.642609 0.023208 0.144973
1 0.617240 0.548530 0.021261 0.108616
1 0.499119 0.595562 0.023098 0.104130
3 0.302645 0.641576 0.020228 0.147905
3 0.313156 0.639893 0.022070 0.146496
1 0.511096 0.603366 0.026503 0.103100
