3 0.466245 0.676717 0.045561 0.162484
2 0.720625 0.533101 0.038744 0.157163
1 0.616207 0.623597 0.025394 0.139559
3 0.361539 0.628699 0.024703 0.114362
3 0.579765 0.651103 0.025150 0.142808
1 0.514891 0.609109 0.023391 0.118470
1 0.700969 0.604887 0.025115 0.121497
3 0.568748 0.687603 0.030336 0.146366
3 0.576632 0.663227 0.029668 0.148334
3 0.259124 0.663469 0.028956 0.155794
1 0.535269 0.605197 0.024854 0.105730
3 0.430008 0.773953 0.054693 0.127837
1 0.584927 0.576033 0.022129 0.099461
3 0.568044 0.681571 0.022582 0.138991
