3 0.581046 0.699613 0.037301 0.163709
1 0.567502 0.585126 0.022006 0.106614
2 0.720720 0.534303 0.040293 0.153322
3 0.209050 0.676602 0.035694 0.164982
1 0.539416 0.620207 0.026037 0.135966
3 0.372775 0.691090 0.032889 0.155360
3 0.494594 0.625324 0.025743 0.136923
1 0.395087 0.608967 0.026680 0.132936
1 0.514487 0.566291 0.017920 0.086571
3 0.321404 0.639315 0.028691 0.138516
1 0.582900 0.597772 0.021306 0.096607
3 0.445417 0.786834 0.073615 0.153711
3 0.434578 0.783997 0.048062 0.150588
1 0.535142 0.621168 0.023729 0.134318
