2 0.733102 0.531170 0.034646 0.151336
3 0.469790 0.681002 0.033541 0.169496
3 0.357880 0.659967 0.030160 0.152719
1 0.524239 0.629074 0.035165 0.117339
3 0.378334 0.611643 0.026508 0.108915
3 0.441122 0.689926 0.030577 0.155303
1 0.571790 0.580922 0.024007 0.105241
3 0.419809 0.623545 0.027735 0.131694
1 0.606890 0.613259 0.035601 0.136289
3 0.384565 0.681447 0.034803 0.149820
1 0.534448 0.586470 0.025535 0.109036
1 0.612689 0.610969 0.025102 0.129314
3 0.377593 0.647917 0.025200 0.170896
1 0.537979 0.582161 0.024326 0.105152
