1 0.601812 0.615740 0.027450 0.127276
1 0.579729 0.581593 0.022120 0.090159
1 0.503228 0.585058 0.019239 0.100223
2 0.719585 0.532357 0.040817 0.151502
3 0.372224 0.636568 0.028847 0.135559
3 0.332790 0.668417 0.036900 0.139164
1 0.492049 0.612736 0.022776 0.123938
3 0.571115 0.649470 0.033064 0.141241
3 0.428030 0.658097 0.031324 0.156989
1 0.684756 0.595686 0.030518 0.119182
3 0.480119 0.669511 0.025376 0.152684
3 0.463678 0.648003 0.024633 0.125608
1 0.446598 0.615607 0.020943 0.111411
1 0.499348 0.598686 0.024004 0.107896
