3 0.355103 0.716194 0.036880 0.196164
2 0.729045 0.532536 0.033666 0.147032
1 0.550378 0.576450 0.027555 0.103419
3 0.259522 0.683315 0.029834 0.153891
1 0.657813 0.601666 0.022074 0.109535
3 0.428367 0.621484 0.032381 0.134836
3 0.449056 0.825921 0.053494 0.234481
1 0.469903 0.584638 0.024621 0.101754
3 0.591892 0.637838 0.028355 0.140943
1 0.451299 0.586592 0.019989 0.099812
3 0.387640 0.623884 0.025880 0.125753
1 0.610235 0.580515 0.023608 0.098156
1 0.675313 0.616010 0.027121 0.129502
0 0.504056 0.763485 0.021706 0.037478
