3 0.511320 0.729213 0.036120 0.196768
2 0.731158 0.531563 0.035834 0.151688
1 0.531342 0.575601 0.020987 0.106472
3 0.334043 0.672235 0.031977 0.165557
1 0.573630 0.617641 0.029724 0.129075
1 0.488244 0.593824 0.022572 0.094537
3 0.454981 0.651276 0.025978 0.153995
3 0.494559 0.691995 0.025555 0.150255
3 0.473956 0.655885 0.023583 0.144602
1 0.610359 0.579834 0.022101 0.105410
3 0.307575 0.647119 0.023700 0.123148
1 0.629874 0.602519 0.024823 0.100933
1 0.468129 0.596680 0.021057 0.083701
1 0.624870 0.596534 0.024986 0.108131
