2 0.727738 0.532953 0.034349 0.153256
1 0.539425 0.600564 0.021657 0.114437
3 0.540393 0.716556 0.055927 0.147749
1 0.612027 0.617502 0.023354 0.114211
1 0.503547 0.592108 0.022556 0.126339
3 0.402804 0.695653 0.068512 0.170055
1 0.512534 0.611585 0.036984 0.134911
3 0.330324 0.657509 0.027147 0.117835
3 0.592228 0.653018 0.031037 0.150179
1 0.471263 0.596625 0.019656 0.102312
1 0.516789 0.618847 0.029879 0.122368
1 0.454571 0.611081 0.023120 0.119900
3 0.433793 0.620723 0.023458 0.116916
3 0.394981 0.612014 0.025628 0.086823
