3 0.329561 0.693234 0.038080 0.174618
3 0.386094 0.623505 0.033667 0.127646
1 0.578513 0.584848 0.020310 0.090699
2 0.720245 0.531226 0.040365 0.148734
1 0.619996 0.626761 0.031947 0.144537
3 0.549722 0.695595 0.071295 0.160250
1 0.468109 0.601634 0.026446 0.099710
3 0.434693 0.630125 0.032700 0.121529
1 0.514001 0.592484 0.018056 0.098920
1 0.500671 0.619211 0.023526 0.126297
3 0.571257 0.635809 0.029029 0.138674
1 0.575017 0.605974 0.022920 0.131535
3 0.212078 0.651363 0.023629 0.130307
1 0.502756 0.603338 0.022188 0.109893
