3 0.379114 0.683728 0.040474 0.168477
2 0.729352 0.531554 0.039002 0.149262
3 0.438314 0.691901 0.039280 0.152332
3 0.407962 0.651957 0.031175 0.148864
1 0.527753 0.588416 0.024863 0.117096
3 0.283830 0.646556 0.030237 0.133407
1 0.510913 0.606628 0.023177 0.125307
1 0.452569 0.613390 0.021744 0.143699
1 0.601142 0.584733 0.032948 0.111743
1 0.439661 0.591720 0.019468 0.102191
3 0.201876 0.653639 0.031633 0.154977
1 0.443724 0.598976 0.025556 0.114562
1 0.453011 0.582447 0.022477 0.081500
3 0.391867 0.682973 0.025862 0.167306
