2 0.730580 0.532171 0.036435 0.154550
1 0.666219 0.599766 0.026172 0.114579
1 0.645659 0.585261 0.022039 0.109528
3 0.344200 0.700430 0.029902 0.160353
0 0.470448 0.773023 0.021379 0.037056
3 0.247383 0.686810 0.037442 0.171672
1 0.578161 0.596909 0.020626 0.106603
1 0.556906 0.578045 0.022503 0.090495
1 0.565605 0.601267 0.020297 0.102689
3 0.392344 0.731246 0.053133 0.202015
1 0.457065 0.592498 0.024658 0.126650
3 0.542132 0.634327 0.030736 0.134830
3 0.385174 0.622445 0.025945 0.116395
3 0.332062 0.632312 0.021581 0.117888
1 0.559635 0.592039 0.021599 0.105255
1 0.648960 0.590536 0.020696 0.112715
