3 0.461683 0.705523 0.038311 0.187309
3 0.317200 0.641424 0.023064 0.130635
3 0.407876 0.674876 0.039556 0.166169
1 0.655109 0.578793 0.024344 0.096411
2 0.724959 0.528500 0.029927 0.144213
3 0.520752 0.648868 0.023055 0.137604
3 0.337379 0.650224 0.029070 0.148899
3 0.507129 0.667524 0.025871 0.142405
1 0.483256 0.620344 0.027177 0.117487
1 0.534672 0.563739 0.018537 0.089048
1 0.630893 0.622774 0.035610 0.087757
1 0.509711 0.592339 0.021412 0.083916
1 0.636316 0.617512 0.034682 0.089499
3 0.516503 0.658951 0.025751 0.154075
