0 0.214519 0.776369 0.019295 0.038637
2 0.730281 0.532998 0.040160 0.150792
3 0.577765 0.690682 0.033566 0.151280
3 0.343812 0.732987 0.046129 0.201685
1 0.550488 0.584108 0.020826 0.100640
3 0.435772 0.624035 0.035318 0.136592
3 0.383784 0.674860 0.035506 0.154047
1 0.640920 0.634924 0.026070 0.128051
1 0.587277 0.591162 0.026023 0.099411
3 0.237730 0.668572 0.036685 0.160215
1 0.660456 0.616136 0.027277 0.127732
3 0.510019 0.627609 0.026270 0.133784
1 0.637631 0.614662 0.025296 0.139633
1 0.635609 0.587597 0.022123 0.090783
1 0.639045 0.580034 0.020066 0.086618
1 0.513961 0.589886 0.022048 0.105638
