3 0.327830 0.671279 0.034059 0.157217
3 0.476472 0.694019 0.040057 0.153023
1 0.597372 0.586335 0.027489 0.104779
2 0.730288 0.532557 0.038088 0.145844
3 0.566022 0.659935 0.037831 0.163526
1 0.682034 0.610270 0.036939 0.098610
3 0.362129 0.647473 0.024402 0.125725
3 0.460645 0.641008 0.027256 0.140888
1 0.529592 0.580375 0.025213 0.110357
1 0.497873 0.602044 0.019861 0.112317
3 0.644075 0.636577 0.023259 0.137192
1 0.484554 0.603277 0.019524 0.105588
3 0.466952 0.654512 0.025632 0.158730
1 0.490450 0.605295 0.022468 0.110474
