3 0.026281 0.722693 0.051840 0.172917
2 0.729825 0.533783 0.036171 0.154734
3 0.602818 0.688072 0.040683 0.176693
1 0.491750 0.607247 0.020285 0.117272
3 0.476198 0.694440 0.039528 0.176899
1 0.568384 0.570125 0.022177 0.083676
3 0.344246 0.637125 0.030670 0.140183
1 0.515412 0.618065 0.028925 0.121738
1 0.510299 0.616287 0.021567 0.119934
1 0.521752 0.614668 0.021105 0.119624
3 0.471129 0.616008 0.027782 0.098144
1 0.645368 0.607250 0.026176 0.117417
1 0.644077 0.584004 0.024061 0.115130
3 0.471250 0.642970 0.031508 0.149774
