3 0.495565 0.702964 0.033755 0.169463
3 0.349694 0.667417 0.036270 0.145018
1 0.564556 0.582750 0.021455 0.103837
2 0.728774 0.532929 0.035657 0.153239
3 0.379255 0.626426 0.027351 0.129046
3 0.509059 0.638310 0.027203 0.128217
1 0.654901 0.591948 0.032136 0.111684
3 0.503641 0.637649 0.032629 0.137644
1 0.543631 0.606271 0.027159 0.119406
1 0.447054 0.615253 0.032912 0.128558
3 0.494005 0.621861 0.020613 0.104768
1 0.532411 0.597406 0.019813 0.114925
3 0.403444 0.700517 0.045788 0.119515
1 0.547777 0.571340 0.019206 0.092766
1 0.560965 0.578815 0.026810 0.116601
1 0.538737 0.605285 0.027641 0.118006
