3 0.599556 0.698895 0.038379 0.179638
3 0.514554 0.714694 0.040119 0.169465
3 0.473731 0.648287 0.036909 0.148877
2 0.728547 0.533434 0.035076 0.154641
3 0.364573 0.655368 0.030391 0.157094
1 0.519976 0.586032 0.024183 0.109122
1 0.555544 0.621454 0.029836 0.132123
1 0.625207 0.611324 0.023458 0.102929
3 0.442209 0.623548 0.025253 0.137674
1 0.420161 0.610844 0.021651 0.111699
1 0.621011 0.589051 0.025283 0.124634
1 0.619062 0.564479 0.023318 0.071474
1 0.452737 0.593701 0.018042 0.096694
3 0.359948 0.649880 0.029403 0.153323
