1 0.578322 0.615231 0.025116 0.128479
3 0.393674 0.642510 0.037959 0.136240
2 0.725259 0.532525 0.039634 0.153413
3 0.445664 0.671218 0.032340 0.139636
3 0.551180 0.642362 0.032459 0.143093
3 0.340599 0.636469 0.025145 0.128902
1 0.528584 0.591405 0.024475 0.107847
1 0.596350 0.588785 0.020607 0.105530
1 0.627777 0.613986 0.025007 0.108836
3 0.368205 0.635786 0.022075 0.127015
1 0.533166 0.580833 0.019646 0.093747
1 0.453431 0.590711 0.023413 0.102687
3 0.439077 0.610994 0.029117 0.105149
3 0.442005 0.643593 0.033091 0.172232
