3 0.415130 0.640849 0.027402 0.142415
2 0.730520 0.536631 0.039417 0.142173
1 0.514736 0.591126 0.021077 0.101531
1 0.476020 0.620104 0.020916 0.123313
3 0.433512 0.801354 0.047426 0.224747
1 0.578144 0.578459 0.022559 0.098687
3 0.459745 0.640155 0.024626 0.142236
1 0.632454 0.599003 0.026191 0.115608
3 0.496178 0.637783 0.025614 0.120804
3 0.441378 0.644904 0.023897 0.144769
1 0.554047 0.588089 0.023303 0.092713
3 0.429677 0.628456 0.019892 0.130278
3 0.433246 0.635735 0.021155 0.142259
3 0.475448 0.630862 0.020379 0.137027
1 0.463985 0.574218 0.018637 0.072691
