1 0.476725 0.594649 0.025955 0.105254
2 0.730062 0.532212 0.039158 0.149165
3 0.530607 0.640806 0.027039 0.148406
3 0.562674 0.688829 0.030965 0.152572
1 0.444219 0.607527 0.020922 0.119863
3 0.503492 0.634536 0.026778 0.135072
3 0.406312 0.628971 0.029409 0.105206
3 0.381098 0.696201 0.036952 0.177833
3 0.366305 0.626023 0.023496 0.104024
1 0.580285 0.614156 0.028859 0.109266
1 0.608828 0.620084 0.025021 0.132046
1 0.429667 0.614424 0.021224 0.107902
0 0.426406 0.418939 0.017222 0.024438
1 0.600437 0.590610 0.020147 0.123905
