1 0.500309 0.604493 0.025143 0.132641
1 0.654000 0.586987 0.023610 0.110832
1 0.681602 0.624900 0.031559 0.117815
2 0.722090 0.529544 0.038311 0.150598
1 0.639734 0.615081 0.023818 0.106570
3 0.303600 0.673163 0.035341 0.152904
3 0.434480 0.698555 0.030239 0.157620
3 0.534084 0.640332 0.023610 0.117833
1 0.647263 0.604846 0.022285 0.120449
3 0.555200 0.647267 0.024834 0.148548
3 0.445749 0.649890 0.032387 0.137735
1 0.425726 0.606127 0.021071 0.105437
3 0.537040 0.646645 0.022911 0.139542
3 0.441009 0.674617 0.033699 0.171558
3 0.329397 0.642565 0.026663 0.115530
1 0.525101 0.594485 0.018266 0.092065
1 0.446906 0.650829 0.033335 0.141654
