3 0.300264 0.673755 0.036284 0.163210
3 0.407494 0.704268 0.033467 0.160068
2 0.720495 0.530319 0.039485 0.150401
1 0.447113 0.615570 0.025088 0.110207
1 0.629221 0.552361 0.021745 0.089288
1 0.549402 0.622947 0.022263 0.130658
1 0.466181 0.587482 0.021730 0.099938
3 0.579564 0.664240 0.029622 0.164909
1 0.556532 0.584578 0.025846 0.093128
3 0.570708 0.663505 0.027388 0.163243
1 0.462029 0.599474 0.023011 0.115491
3 0.556744 0.659274 0.026718 0.159289
3 0.565234 0.661115 0.026945 0.163081
3 0.416865 0.650488 0.026602 0.116438
1 0.557877 0.573990 0.019561 0.085897
1 0.554392 0.629260 0.028003 0.139383
