1 0.603122 0.589951 0.021977 0.107093
2 0.730160 0.530026 0.038960 0.149767
3 0.421407 0.691861 0.037733 0.177157
1 0.529284 0.584444 0.030433 0.116065
1 0.438954 0.597140 0.020268 0.095201
3 0.622968 0.636543 0.033295 0.147985
1 0.469537 0.588326 0.024443 0.113224
1 0.669234 0.610325 0.025958 0.125081
3 0.263802 0.674509 0.031423 0.151585
3 0.412795 0.605633 0.021530 0.094948
3 0.487827 0.625413 0.024327 0.129577
1 0.655900 0.606703 0.020983 0.117587
0 0.408262 0.506473 0.019387 0.032117
3 0.328997 0.748892 0.045104 0.208108
