3 0.361631 0.620581 0.025759 0.125875
3 0.269111 0.671337 0.033379 0.166211
3 0.610334 0.683785 0.032668 0.152433
1 0.597762 0.591919 0.022770 0.097342
3 0.378619 0.680402 0.033675 0.150491
1 0.657163 0.616351 0.024741 0.126300
2 0.736395 0.532974 0.024536 0.149797
1 0.472595 0.617127 0.019256 0.119428
1 0.525381 0.588949 0.026569 0.109981
3 0.181288 0.853812 0.083340 0.292376
3 0.367533 0.642332 0.028535 0.120935
3 0.489399 0.628774 0.022096 0.128127
1 0.646031 0.598133 0.020276 0.112507
1 0.651108 0.606487 0.024540 0.123776
