2 0.730128 0.532020 0.040956 0.151255
3 0.272758 0.669491 0.036905 0.158955
1 0.605407 0.595732 0.025951 0.105056
3 0.366107 0.628667 0.026903 0.130248
3 0.337407 0.690662 0.042058 0.171522
1 0.493883 0.622411 0.023180 0.116661
1 0.648832 0.597456 0.022321 0.110378
3 0.620395 0.678500 0.033521 0.143478
3 0.392183 0.671130 0.027204 0.146777
1 0.634098 0.607937 0.020844 0.114625
1 0.480916 0.585795 0.023817 0.108516
1 0.531267 0.585367 0.024378 0.109536
3 0.523289 0.633268 0.027086 0.126940
1 0.484987 0.589538 0.024482 0.119343
1 0.638460 0.606778 0.023484 0.113743
