2 0.729977 0.533307 0.036383 0.151201
3 0.527803 0.705035 0.048451 0.147090
3 0.293466 0.672808 0.034650 0.168995
3 0.394383 0.716571 0.057710 0.172567
1 0.492340 0.612702 0.021416 0.120079
3 0.468922 0.650866 0.024150 0.151244
1 0.663419 0.605497 0.021899 0.104224
3 0.310165 0.639594 0.022597 0.132545
1 0.534500 0.551637 0.020268 0.070788
3 0.449312 0.648626 0.026945 0.148725
1 0.649751 0.582980 0.021238 0.103337
1 0.520481 0.609648 0.023182 0.098983
1 0.476197 0.608341 0.019532 0.122845
1 0.531150 0.556680 0.020896 0.063098
1 0.653831 0.589275 0.022846 0.108953
