2 0.727800 0.531885 0.036706 0.155751
3 0.303177 0.659882 0.036355 0.148631
1 0.470901 0.611658 0.023323 0.126176
3 0.353105 0.693545 0.048527 0.165238
3 0.557968 0.720430 0.055783 0.164566
1 0.537216 0.610115 0.025735 0.125931
1 0.579898 0.588188 0.022852 0.112303
1 0.653553 0.614240 0.023056 0.105853
3 0.421393 0.689643 0.048365 0.175591
3 0.556616 0.621289 0.022192 0.109271
3 0.453733 0.659393 0.025542 0.146005
1 0.487352 0.598980 0.020528 0.109584
1 0.476174 0.612828 0.024795 0.130577
1 0.644541 0.580989 0.022914 0.099155
