1 0.551092 0.619647 0.023471 0.128754
3 0.521886 0.700320 0.043339 0.179964
2 0.729471 0.533867 0.036647 0.145666
3 0.309775 0.644049 0.025997 0.129795
3 0.232833 0.682830 0.038798 0.176830
3 0.466110 0.653037 0.025457 0.153191
3 0.579899 0.678725 0.029176 0.148983
1 0.626702 0.584212 0.028306 0.107391
1 0.430410 0.616255 0.022351 0.114228
1 0.684119 0.597753 0.021344 0.098599
1 0.521640 0.596004 0.023193 0.104225
3 0.445345 0.646585 0.021996 0.148546
3 0.460649 0.652740 0.024243 0.153412
1 0.562678 0.554126 0.017785 0.079811
1 0.525144 0.588417 0.020509 0.100661
1 0.565747 0.552402 0.018097 0.074834
