3 0.397490 0.716245 0.038894 0.187448
2 0.729775 0.531842 0.040085 0.149201
3 0.519872 0.695716 0.052633 0.151750
1 0.611917 0.633275 0.029208 0.131163
1 0.582304 0.591615 0.022474 0.100006
1 0.631839 0.600299 0.024176 0.113194
0 0.093301 0.742561 0.020915 0.034317
1 0.527492 0.579414 0.021533 0.104908
1 0.662288 0.614670 0.027343 0.125759
3 0.278873 0.660285 0.039155 0.155405
3 0.490928 0.627044 0.023865 0.123751
1 0.547819 0.584458 0.024618 0.105398
3 0.415151 0.624452 0.026189 0.128011
3 0.377017 0.675081 0.025783 0.148962
