3 0.513073 0.694821 0.039306 0.177474
2 0.728667 0.531614 0.035592 0.153865
1 0.507516 0.594637 0.023895 0.103808
3 0.262684 0.685721 0.038565 0.172298
3 0.397964 0.682906 0.038023 0.156686
1 0.664323 0.598095 0.028146 0.109595
1 0.535113 0.617624 0.024237 0.131412
1 0.598365 0.585003 0.022375 0.104640
3 0.482773 0.628485 0.027420 0.132278
3 0.293651 0.652747 0.024576 0.141179
3 0.581064 0.651498 0.029307 0.149406
1 0.556642 0.559218 0.020269 0.091294
1 0.533065 0.602268 0.022602 0.116690
1 0.509592 0.584581 0.023150 0.089875
