3 0.372809 0.676618 0.046943 0.167867
2 0.729717 0.534532 0.035922 0.153625
3 0.475760 0.716297 0.066132 0.143786
3 0.341446 0.633929 0.025458 0.112737
3 0.594222 0.657895 0.029799 0.151384
3 0.427891 0.624877 0.033258 0.134796
1 0.634823 0.608031 0.022367 0.102369
0 0.427351 0.377920 0.018126 0.033340
1 0.516440 0.591249 0.021736 0.104225
1 0.582603 0.595638 0.024161 0.084308
3 0.476628 0.644027 0.027257 0.098325
3 0.334480 0.637024 0.038514 0.116580
1 0.500377 0.615613 0.022571 0.125863
1 0.624291 0.573677 0.020533 0.091181
3 0.473265 0.692527 0.062781 0.193207
