3 0.511031 0.677243 0.035834 0.144983
3 0.447844 0.704528 0.041782 0.168446
2 0.731090 0.531924 0.038255 0.150501
3 0.596488 0.671425 0.038939 0.166182
3 0.335471 0.672599 0.041211 0.166998
1 0.481478 0.587861 0.023044 0.107709
1 0.544101 0.618566 0.028733 0.123136
1 0.636440 0.597309 0.023520 0.102026
1 0.504586 0.617516 0.024299 0.130307
3 0.307519 0.640410 0.027138 0.149493
1 0.659627 0.564745 0.021601 0.090874
1 0.527520 0.610724 0.023068 0.123952
1 0.523684 0.603864 0.019096 0.118051
3 0.315506 0.641334 0.024121 0.151246
1 0.500041 0.604693 0.023408 0.118763
