2 0.721331 0.532021 0.038335 0.153360
1 0.632152 0.622408 0.036906 0.135583
3 0.488574 0.707483 0.042892 0.185333
1 0.536491 0.603175 0.027312 0.105502
3 0.434284 0.651667 0.033185 0.146576
1 0.471222 0.613265 0.022976 0.117188
3 0.320436 0.645602 0.030073 0.154410
1 0.685395 0.598531 0.030684 0.115811
3 0.538122 0.680426 0.040913 0.121933
1 0.615941 0.573382 0.023510 0.110757
3 0.506773 0.632766 0.024236 0.132761
1 0.617552 0.585487 0.023141 0.090095
1 0.538370 0.641964 0.038190 0.190719
1 0.431683 0.572358 0.021752 0.076011
