3 0.513535 0.678281 0.038897 0.144946
2 0.730293 0.531749 0.039437 0.147366
3 0.585319 0.679914 0.038571 0.169476
1 0.541971 0.623342 0.027614 0.130933
3 0.423698 0.700248 0.048389 0.163466
3 0.334987 0.674249 0.042741 0.162973
3 0.361431 0.636872 0.033529 0.145998
1 0.638338 0.603866 0.024370 0.103191
1 0.487981 0.596740 0.018799 0.126631
1 0.505231 0.604724 0.022466 0.107713
1 0.479717 0.614831 0.028498 0.119562
1 0.484453 0.602157 0.023323 0.137974
1 0.596830 0.574138 0.022406 0.097125
3 0.299972 0.652580 0.026589 0.127679
1 0.499882 0.606696 0.020595 0.111412
