2 0.730212 0.533474 0.039290 0.147045
3 0.283736 0.667156 0.034713 0.159800
1 0.524802 0.612698 0.024009 0.128677
3 0.483831 0.678341 0.036555 0.165499
1 0.577018 0.603895 0.025510 0.111660
3 0.353361 0.673732 0.041664 0.135675
1 0.487513 0.591106 0.022171 0.098176
3 0.582794 0.676873 0.029134 0.143904
3 0.493706 0.668351 0.030251 0.157591
1 0.523330 0.592282 0.021098 0.128836
3 0.502786 0.635772 0.023613 0.127411
3 0.351215 0.613473 0.026258 0.092448
1 0.506644 0.613339 0.020790 0.108496
1 0.494336 0.604633 0.021154 0.120674
