3 0.347576 0.650079 0.033980 0.144689
3 0.436090 0.671565 0.035437 0.148298
3 0.506339 0.651496 0.031835 0.141440
2 0.727018 0.532086 0.040666 0.153854
3 0.574407 0.684073 0.043182 0.172648
1 0.530456 0.617736 0.022041 0.133608
3 0.385774 0.647999 0.034012 0.146612
1 0.605308 0.609280 0.023172 0.113515
1 0.490429 0.606567 0.026360 0.122027
1 0.634334 0.590486 0.024011 0.112880
1 0.541047 0.569123 0.019501 0.085292
1 0.535854 0.607256 0.020137 0.148184
1 0.513078 0.601252 0.017616 0.116331
1 0.530692 0.583767 0.017880 0.105028
1 0.513579 0.583153 0.018186 0.094659
