3 0.447052 0.712110 0.034034 0.178201
3 0.304899 0.672215 0.030831 0.162467
3 0.477513 0.696291 0.029949 0.155932
1 0.470725 0.611258 0.022776 0.108777
2 0.733776 0.532743 0.027960 0.149292
1 0.520376 0.580002 0.021625 0.100028
1 0.561333 0.621779 0.027253 0.134645
1 0.656487 0.607737 0.025223 0.104338
3 0.495443 0.642844 0.026818 0.135545
1 0.616204 0.580781 0.026148 0.106573
3 0.334674 0.645040 0.024055 0.119566
3 0.472848 0.644142 0.027330 0.181836
3 0.452914 0.654383 0.031093 0.139430
1 0.476479 0.603243 0.017485 0.100761
