3 0.455251 0.714813 0.051060 0.183549
3 0.301197 0.673295 0.030096 0.158727
2 0.729265 0.530916 0.038245 0.147513
1 0.553391 0.622010 0.032463 0.129825
1 0.622666 0.607166 0.024474 0.099539
1 0.484849 0.610740 0.024304 0.120646
3 0.507069 0.639901 0.036075 0.136818
3 0.494175 0.714020 0.031539 0.146490
3 0.332588 0.644938 0.026852 0.121265
1 0.637049 0.585777 0.023505 0.109215
3 0.445093 0.651477 0.029432 0.143413
1 0.626759 0.602629 0.026428 0.111655
0 0.464437 0.372444 0.016378 0.030423
1 0.558613 0.580560 0.022943 0.091235
