2 0.730134 0.533658 0.039513 0.152906
1 0.576641 0.586758 0.023444 0.107392
3 0.472292 0.703584 0.037245 0.177768
1 0.555527 0.596744 0.023634 0.104976
3 0.383920 0.644563 0.029249 0.141154
3 0.484864 0.642534 0.021965 0.132219
3 0.347141 0.673156 0.033723 0.142979
1 0.615751 0.604423 0.024673 0.102843
1 0.512413 0.582381 0.018369 0.093497
3 0.482103 0.677589 0.024857 0.183760
3 0.407036 0.675989 0.028390 0.168310
3 0.502284 0.665123 0.027004 0.147869
3 0.497779 0.662800 0.028782 0.156808
1 0.496193 0.581119 0.019781 0.085766
1 0.508756 0.579695 0.020626 0.093231
