3 0.492581 0.710449 0.053211 0.169830
2 0.729904 0.531012 0.039478 0.147229
1 0.526438 0.589150 0.021176 0.103028
1 0.564192 0.593434 0.020076 0.099116
3 0.346316 0.674431 0.045363 0.164834
1 0.667905 0.610264 0.021791 0.109342
3 0.448924 0.632031 0.034811 0.126060
3 0.545086 0.639710 0.032917 0.141929
1 0.601013 0.612760 0.024154 0.118289
1 0.497363 0.599427 0.023998 0.112468
1 0.655424 0.625027 0.028067 0.134840
1 0.500240 0.589569 0.022452 0.102949
3 0.327159 0.656338 0.023098 0.133013
1 0.665210 0.624471 0.023455 0.134926
