1 0.597032 0.595670 0.024749 0.124411
3 0.320316 0.672632 0.036592 0.145996
3 0.416240 0.676505 0.027852 0.148008
1 0.517743 0.581529 0.020585 0.090816
3 0.429748 0.630359 0.027000 0.138319
3 0.462837 0.632007 0.031626 0.133066
2 0.720376 0.531584 0.039030 0.150832
1 0.533481 0.599563 0.023903 0.101773
3 0.522911 0.683578 0.038445 0.169555
1 0.483789 0.610595 0.023027 0.114328
1 0.614864 0.617665 0.026163 0.125457
1 0.563247 0.605185 0.025097 0.103156
1 0.609701 0.610369 0.025003 0.132778
3 0.308772 0.630599 0.026088 0.116483
