1 0.492131 0.627945 0.030294 0.122101
3 0.517609 0.724908 0.045798 0.166373
1 0.630337 0.604504 0.023457 0.107354
1 0.590656 0.588923 0.023773 0.111741
2 0.719720 0.531476 0.039086 0.158180
3 0.611267 0.644630 0.025430 0.143797
1 0.514208 0.611350 0.021702 0.120187
3 0.415111 0.683806 0.048742 0.143126
3 0.288022 0.673159 0.061219 0.116055
3 0.432099 0.606853 0.025217 0.144470
3 0.394385 0.613590 0.025486 0.128437
1 0.495241 0.617686 0.028119 0.132007
1 0.504717 0.602265 0.023645 0.130928
1 0.411757 0.572942 0.024465 0.124580
1 0.509950 0.616964 0.021656 0.127504
