2 0.730011 0.534935 0.035972 0.150094
3 0.338529 0.655351 0.030004 0.132359
3 0.484306 0.648966 0.034888 0.151979
1 0.522172 0.580287 0.022534 0.100380
3 0.371428 0.677680 0.043461 0.170540
1 0.669280 0.604243 0.030748 0.118398
3 0.518477 0.694067 0.033547 0.151064
1 0.584316 0.603326 0.021291 0.102777
3 0.535816 0.638484 0.022572 0.127331
1 0.611771 0.586868 0.021126 0.112471
3 0.559009 0.645830 0.036661 0.133042
1 0.604844 0.607754 0.023262 0.138816
1 0.592794 0.601418 0.022683 0.109840
1 0.610214 0.600455 0.019915 0.131805
1 0.589389 0.607148 0.027645 0.117416
