3 0.353934 0.662968 0.030232 0.152433
3 0.457452 0.651175 0.028531 0.147382
3 0.428686 0.699364 0.033329 0.164379
2 0.728115 0.533275 0.034010 0.153203
3 0.573276 0.686805 0.034413 0.170595
1 0.589276 0.590511 0.025344 0.114084
1 0.484318 0.613641 0.026693 0.131202
3 0.532616 0.643683 0.027769 0.138692
1 0.521507 0.576060 0.021018 0.098384
1 0.640972 0.612882 0.030412 0.107140
1 0.501289 0.598929 0.020227 0.110365
0 0.512948 0.382597 0.019069 0.033887
3 0.375310 0.631704 0.022575 0.120885
1 0.489049 0.613580 0.029785 0.124976
1 0.497772 0.604438 0.020140 0.116876
