3 0.405577 0.717892 0.046496 0.194227
3 0.260716 0.685670 0.033237 0.177567
2 0.730718 0.531756 0.033216 0.150200
1 0.654763 0.577742 0.024401 0.102277
3 0.541189 0.711675 0.039000 0.176302
1 0.433566 0.613536 0.021917 0.116212
3 0.285380 0.645807 0.025325 0.134494
1 0.508325 0.617472 0.023773 0.137277
1 0.690537 0.598914 0.024989 0.096494
3 0.480956 0.651540 0.026257 0.155563
1 0.526815 0.548385 0.019795 0.077020
3 0.465352 0.652690 0.026092 0.156557
1 0.513434 0.561005 0.023729 0.067578
1 0.512127 0.614421 0.022700 0.143404
