3 0.499356 0.663952 0.031063 0.140241
3 0.465454 0.710470 0.033070 0.173291
2 0.729900 0.535299 0.035762 0.151231
3 0.581617 0.675142 0.032017 0.156602
1 0.550053 0.620981 0.024451 0.132725
1 0.486486 0.609513 0.023392 0.115199
3 0.344348 0.678604 0.035170 0.172371
1 0.556750 0.622221 0.024760 0.129376
1 0.563110 0.622718 0.019441 0.120207
1 0.605505 0.602665 0.023638 0.101283
1 0.545068 0.603410 0.021653 0.130783
1 0.644647 0.567279 0.022889 0.093042
3 0.294127 0.642667 0.031574 0.150840
1 0.540573 0.589683 0.021904 0.108971
1 0.536359 0.582350 0.020870 0.099897
