2 0.729593 0.530900 0.039030 0.148425
3 0.371405 0.674484 0.035945 0.171246
1 0.470704 0.587633 0.020334 0.104335
3 0.290887 0.674168 0.043700 0.143879
1 0.521062 0.578065 0.021560 0.101403
1 0.580821 0.589591 0.023124 0.110965
1 0.502008 0.598684 0.021613 0.118182
3 0.493469 0.658929 0.035365 0.156185
1 0.554835 0.596811 0.021662 0.106470
3 0.426577 0.733278 0.052838 0.181725
3 0.482600 0.637141 0.020915 0.120040
3 0.485778 0.648498 0.026028 0.135095
3 0.346106 0.642321 0.027028 0.139838
1 0.572589 0.605799 0.022281 0.099035
