2 0.729865 0.531690 0.038906 0.148943
1 0.558382 0.617606 0.024849 0.128101
3 0.570735 0.670707 0.028247 0.151554
3 0.443863 0.702580 0.038463 0.148734
3 0.393832 0.680784 0.061041 0.149398
1 0.518753 0.617043 0.026698 0.128772
1 0.541439 0.572419 0.019195 0.094530
3 0.586630 0.659298 0.022635 0.152901
1 0.451265 0.597127 0.020172 0.106509
3 0.590665 0.655396 0.027203 0.146422
1 0.681192 0.606983 0.023200 0.103527
3 0.334062 0.653690 0.025287 0.131369
3 0.472475 0.652484 0.031551 0.118817
1 0.595388 0.573925 0.022470 0.089534
3 0.459126 0.687720 0.025386 0.134201
