2 0.729802 0.534648 0.042062 0.152407
3 0.411327 0.684587 0.035262 0.174802
3 0.485792 0.703751 0.036076 0.168869
1 0.568693 0.594676 0.023494 0.110904
1 0.670123 0.590841 0.023009 0.087967
3 0.506851 0.640460 0.025233 0.125789
1 0.547338 0.598444 0.020598 0.114064
3 0.593016 0.657790 0.033967 0.153286
3 0.324077 0.649705 0.029458 0.150182
1 0.667411 0.585121 0.023861 0.103827
1 0.657635 0.570701 0.020785 0.095487
1 0.698894 0.584150 0.023040 0.101931
3 0.304428 0.643452 0.021887 0.146379
1 0.553675 0.597210 0.028299 0.116581
