3 0.271770 0.661725 0.038415 0.158128
2 0.730376 0.532553 0.036594 0.157722
3 0.455679 0.690415 0.037840 0.179679
3 0.380447 0.689093 0.034751 0.156873
3 0.330484 0.640504 0.025391 0.131728
1 0.644873 0.590151 0.023513 0.115013
3 0.572237 0.646447 0.027674 0.146823
1 0.662550 0.593798 0.019825 0.118253
1 0.454909 0.584377 0.023177 0.109628
3 0.308574 0.637117 0.026532 0.131531
1 0.562289 0.588951 0.018904 0.098247
1 0.658870 0.593940 0.022897 0.116648
1 0.463160 0.563132 0.018830 0.076691
1 0.568094 0.573953 0.024740 0.076129
