1 0.596703 0.607927 0.024518 0.109392
2 0.730425 0.533853 0.036523 0.152217
3 0.467640 0.692949 0.036807 0.180526
3 0.397283 0.635719 0.040413 0.131928
1 0.499851 0.615502 0.028626 0.127674
1 0.538329 0.610266 0.023845 0.112604
3 0.246620 0.668015 0.032011 0.153902
3 0.562618 0.636204 0.040497 0.127085
1 0.680742 0.621300 0.045977 0.116455
0 0.579067 0.383661 0.016198 0.029100
3 0.345551 0.677641 0.039754 0.125770
3 0.616441 0.674906 0.026322 0.140085
1 0.621919 0.584329 0.024401 0.100263
1 0.504777 0.599107 0.023788 0.116037
