1 0.560843 0.619904 0.024151 0.126340
3 0.587545 0.677954 0.029453 0.146152
3 0.349795 0.642593 0.032183 0.142375
3 0.434058 0.662667 0.035082 0.143736
3 0.284632 0.687953 0.039007 0.178782
2 0.723323 0.533364 0.043528 0.151791
3 0.484174 0.667738 0.039710 0.154013
1 0.641601 0.592187 0.025980 0.117162
3 0.536752 0.629386 0.030317 0.136862
1 0.496247 0.606618 0.019675 0.108992
1 0.552978 0.566156 0.021018 0.073543
1 0.528644 0.583439 0.022012 0.095462
1 0.527236 0.599644 0.021956 0.092907
3 0.492544 0.668388 0.028442 0.151615
