2 0.729470 0.531196 0.038010 0.149168
3 0.442354 0.683082 0.033179 0.169398
1 0.639915 0.615809 0.027836 0.123664
3 0.468069 0.638117 0.029327 0.137366
1 0.511653 0.584987 0.025787 0.106651
3 0.408957 0.639204 0.029494 0.109073
1 0.617923 0.612730 0.022189 0.098822
1 0.590973 0.589353 0.030534 0.100128
0 0.528886 0.440910 0.017680 0.026397
3 0.370189 0.637029 0.027578 0.121831
3 0.536050 0.634211 0.032774 0.143363
1 0.452503 0.614704 0.017737 0.105549
3 0.531963 0.635901 0.024967 0.133268
3 0.542444 0.629164 0.035289 0.125467
1 0.537117 0.605668 0.028672 0.113442
3 0.461796 0.661462 0.022797 0.176053
