2 0.729812 0.531851 0.040139 0.151325
3 0.308646 0.669111 0.037042 0.143857
1 0.413600 0.588141 0.019642 0.099358
3 0.233521 0.667578 0.031666 0.158882
3 0.263521 0.650079 0.030218 0.151050
1 0.487807 0.583942 0.026355 0.104090
1 0.454972 0.590303 0.020475 0.107984
1 0.437977 0.589780 0.018079 0.099367
3 0.188949 0.650215 0.028775 0.131761
3 0.296299 0.657746 0.035613 0.159969
1 0.458489 0.586984 0.018886 0.112519
3 0.144857 0.651698 0.024664 0.142649
3 0.292734 0.642006 0.026339 0.138115
1 0.463604 0.574263 0.017172 0.098598
1 0.434789 0.587219 0.021333 0.098824
1 0.388564 0.585768 0.021283 0.110278
