2 0.728614 0.531353 0.032512 0.150298
3 0.450064 0.643345 0.046898 0.142739
1 0.561830 0.620030 0.025653 0.114962
1 0.492319 0.594857 0.020956 0.099717
1 0.542999 0.593525 0.024229 0.119436
3 0.375562 0.633763 0.027931 0.140167
1 0.618068 0.613005 0.028442 0.132069
3 0.386772 0.728637 0.035843 0.171277
3 0.353670 0.652635 0.024780 0.150936
3 0.348769 0.652482 0.029502 0.145320
3 0.335753 0.652023 0.022216 0.141256
1 0.538274 0.592711 0.021720 0.117213
1 0.475455 0.588849 0.018640 0.106117
3 0.343308 0.653456 0.027387 0.149025
1 0.483733 0.591806 0.020398 0.101906
