3 0.577150 0.676221 0.026760 0.145348
2 0.728468 0.534113 0.042060 0.155907
3 0.509598 0.674747 0.032629 0.164266
1 0.607033 0.617314 0.028126 0.126416
3 0.274495 0.670732 0.037865 0.167232
1 0.705018 0.592389 0.026714 0.116973
1 0.637786 0.605338 0.025967 0.105683
3 0.415803 0.667024 0.034259 0.168015
3 0.482382 0.648508 0.027608 0.154149
1 0.556177 0.616887 0.030565 0.128396
1 0.526825 0.567679 0.019497 0.087619
3 0.333735 0.638424 0.024612 0.121059
1 0.549460 0.615729 0.025097 0.128316
1 0.560650 0.617185 0.025399 0.120172
