2 0.729161 0.533276 0.035031 0.153827
1 0.452932 0.601238 0.023063 0.113460
1 0.518982 0.597199 0.021819 0.117807
3 0.592751 0.645109 0.027076 0.152476
3 0.387729 0.624532 0.022356 0.106155
3 0.394796 0.706852 0.087021 0.116155
1 0.616552 0.601609 0.023767 0.113090
3 0.270628 0.676021 0.049309 0.120966
3 0.518723 0.720767 0.057112 0.156652
1 0.500147 0.622170 0.027271 0.137314
1 0.627745 0.611574 0.023680 0.111303
3 0.351857 0.614925 0.023357 0.113983
3 0.361055 0.617036 0.021713 0.114530
3 0.364816 0.618116 0.018930 0.119293
