2 0.729544 0.531888 0.038683 0.147806
3 0.331624 0.648245 0.025190 0.147628
3 0.282396 0.669247 0.035055 0.156077
3 0.355854 0.671802 0.032273 0.146607
3 0.306894 0.650928 0.027090 0.152225
1 0.523309 0.583079 0.022967 0.106508
1 0.407281 0.584747 0.029737 0.116562
3 0.164537 0.650788 0.029948 0.150537
1 0.483918 0.573603 0.020903 0.092081
1 0.412354 0.584866 0.027558 0.114614
1 0.460778 0.593860 0.018867 0.099601
1 0.475901 0.596527 0.019353 0.108598
3 0.217036 0.647787 0.025612 0.137555
3 0.312469 0.649495 0.021574 0.146187
1 0.472254 0.597201 0.022525 0.105842
1 0.466313 0.594234 0.025988 0.106531
