3 0.410793 0.654912 0.035277 0.149923
3 0.576803 0.680592 0.034560 0.162703
2 0.728415 0.532974 0.034786 0.153756
3 0.499816 0.708160 0.038923 0.170752
1 0.648825 0.614598 0.031552 0.106483
3 0.372890 0.679208 0.044239 0.167375
1 0.615898 0.580423 0.026280 0.099083
1 0.451870 0.589590 0.021218 0.103853
1 0.565737 0.570570 0.020742 0.098805
0 0.415265 0.372702 0.017523 0.027755
1 0.492962 0.606793 0.025874 0.116501
3 0.548878 0.640906 0.030728 0.142155
3 0.326990 0.682359 0.029040 0.105364
1 0.557043 0.578942 0.018928 0.087396
