2 0.730434 0.531670 0.039588 0.147702
3 0.601503 0.646655 0.029295 0.144831
1 0.575752 0.601137 0.026458 0.097705
3 0.346230 0.678287 0.043917 0.180623
3 0.458579 0.726530 0.039821 0.192917
1 0.682909 0.614096 0.026619 0.122925
3 0.420132 0.622716 0.031947 0.129855
3 0.253522 0.678744 0.030796 0.154757
1 0.523522 0.580830 0.021682 0.096205
1 0.535514 0.623506 0.027434 0.120316
3 0.479601 0.643666 0.026835 0.132015
1 0.645055 0.597991 0.028321 0.110964
3 0.466787 0.715987 0.030333 0.184108
1 0.527978 0.601070 0.025944 0.130922
