1 0.603939 0.579878 0.021639 0.097969
3 0.623344 0.653889 0.036399 0.148649
2 0.730125 0.532394 0.036094 0.153694
3 0.472242 0.721766 0.033636 0.173307
3 0.305131 0.675469 0.045371 0.163320
1 0.526748 0.582077 0.026039 0.101108
0 0.028523 0.838085 0.021880 0.034986
3 0.493234 0.635094 0.022138 0.117678
3 0.402998 0.621576 0.028285 0.136817
1 0.469656 0.586268 0.024849 0.110282
1 0.666491 0.596389 0.021848 0.110192
1 0.476789 0.613730 0.019670 0.107573
1 0.563256 0.588365 0.020575 0.095206
1 0.472708 0.599832 0.025200 0.125754
3 0.317980 0.634156 0.028122 0.139999
