3 0.484281 0.625124 0.026280 0.129838
1 0.467653 0.585746 0.020544 0.104983
1 0.655560 0.599547 0.021577 0.103570
3 0.624076 0.639471 0.037109 0.149369
1 0.672523 0.619541 0.024997 0.128867
3 0.392321 0.704285 0.048344 0.180691
1 0.591622 0.583846 0.022111 0.103628
3 0.258472 0.680321 0.033051 0.157362
1 0.534045 0.576921 0.021621 0.106241
2 0.735232 0.530544 0.022086 0.146061
3 0.422614 0.783099 0.043716 0.200293
1 0.440064 0.586227 0.022006 0.099836
1 0.658273 0.612624 0.021830 0.128175
3 0.394260 0.610424 0.023532 0.105993
3 0.400358 0.675754 0.038017 0.164647
