1 0.540342 0.622478 0.021336 0.127891
3 0.476755 0.714642 0.040841 0.179165
3 0.605949 0.665390 0.042289 0.162088
2 0.732250 0.532567 0.030978 0.149965
3 0.329009 0.640033 0.028181 0.145458
3 0.381256 0.690719 0.053570 0.169830
1 0.676939 0.595969 0.023967 0.104994
3 0.519063 0.660942 0.026638 0.134402
1 0.557680 0.593849 0.020885 0.104786
1 0.526437 0.599418 0.016099 0.106136
1 0.539502 0.594736 0.019515 0.119630
1 0.529598 0.617393 0.017730 0.126392
1 0.527924 0.583985 0.018330 0.104150
1 0.512316 0.597215 0.020767 0.088921
1 0.516705 0.593918 0.025715 0.096947
