2 0.729539 0.534344 0.035398 0.151718
3 0.307460 0.672877 0.038118 0.126694
3 0.463500 0.711675 0.037990 0.173257
3 0.359185 0.680235 0.043583 0.159586
3 0.600839 0.659921 0.031748 0.158237
3 0.450377 0.661679 0.036382 0.125242
3 0.575151 0.670324 0.031179 0.151529
1 0.490928 0.605978 0.024482 0.126360
1 0.536264 0.619149 0.025071 0.134868
1 0.671015 0.609039 0.026199 0.107733
1 0.627769 0.579923 0.022883 0.098238
1 0.581893 0.559865 0.022208 0.087853
1 0.507181 0.591141 0.022070 0.105036
0 0.527723 0.422506 0.017170 0.024480
