1 0.564311 0.600656 0.022861 0.099710
1 0.666200 0.599566 0.027413 0.115976
0 0.424973 0.864587 0.023561 0.049946
2 0.729275 0.530565 0.033868 0.152320
1 0.641799 0.583390 0.024419 0.112098
3 0.477975 0.627578 0.027267 0.134075
3 0.356867 0.687956 0.028429 0.151236
3 0.248174 0.693700 0.036832 0.179610
3 0.367447 0.774112 0.052255 0.231293
3 0.538000 0.633478 0.023157 0.133562
1 0.460639 0.588129 0.018341 0.106933
3 0.338138 0.637076 0.020518 0.125520
1 0.556460 0.593180 0.018477 0.099565
1 0.541260 0.576350 0.021023 0.083469
