0 0.552582 0.399597 0.018588 0.035999
2 0.730300 0.534974 0.036714 0.154793
1 0.503757 0.611288 0.020018 0.117995
3 0.439122 0.632303 0.032230 0.127573
3 0.524186 0.643805 0.028028 0.141564
3 0.275563 0.681042 0.048166 0.157867
3 0.339144 0.694316 0.049806 0.176251
3 0.539162 0.709802 0.045817 0.150259
1 0.497386 0.614864 0.026392 0.135214
3 0.556386 0.637484 0.029166 0.140136
1 0.607458 0.608037 0.023589 0.105350
3 0.527552 0.651079 0.032730 0.165999
1 0.695320 0.616041 0.038072 0.108861
1 0.491304 0.607946 0.022069 0.135233
3 0.549726 0.650810 0.026905 0.128226
1 0.489333 0.583815 0.020336 0.093814
1 0.505996 0.593020 0.019204 0.102388
