3 0.288725 0.678092 0.030742 0.172064
3 0.507987 0.655918 0.033139 0.156711
2 0.729842 0.533586 0.036030 0.155158
1 0.543560 0.616898 0.024320 0.127550
1 0.477995 0.597410 0.021732 0.087038
1 0.607229 0.588022 0.027192 0.119161
3 0.385245 0.698234 0.057088 0.154404
3 0.482198 0.717839 0.044354 0.170022
1 0.497640 0.598865 0.021082 0.101036
3 0.306664 0.643471 0.024734 0.136282
1 0.651993 0.601042 0.025881 0.103039
3 0.471534 0.662361 0.027819 0.126157
1 0.477292 0.606069 0.026798 0.107362
1 0.540323 0.548706 0.019384 0.076043
