2 0.729837 0.535230 0.036063 0.150267
3 0.537463 0.707078 0.038424 0.167590
1 0.670701 0.599727 0.023784 0.098939
3 0.479832 0.653594 0.025763 0.154375
3 0.280520 0.681879 0.032559 0.175916
3 0.377583 0.698301 0.057571 0.155281
3 0.457378 0.659921 0.030935 0.134075
3 0.300852 0.651858 0.021511 0.129200
1 0.609936 0.578012 0.026569 0.103210
1 0.542784 0.602465 0.024277 0.102623
3 0.469673 0.657128 0.019244 0.148511
1 0.497573 0.607717 0.022597 0.123206
3 0.465830 0.657456 0.021900 0.142863
1 0.541012 0.589232 0.023209 0.101854
