0 0.177113 0.821194 0.021713 0.040555
2 0.729773 0.533232 0.037206 0.155245
1 0.602216 0.588430 0.025358 0.106113
3 0.252010 0.780070 0.077651 0.203137
1 0.655666 0.584711 0.023877 0.103220
3 0.577418 0.683172 0.032916 0.152184
1 0.540881 0.584063 0.023432 0.096494
3 0.272805 0.657926 0.038225 0.156896
1 0.462449 0.582299 0.021309 0.097117
3 0.310396 0.640361 0.023240 0.123427
3 0.506058 0.632563 0.026253 0.134896
1 0.632251 0.624827 0.023247 0.146467
1 0.644603 0.634865 0.022317 0.129111
3 0.182588 0.677627 0.035033 0.170534
1 0.649013 0.594548 0.025566 0.127692
