3 0.433595 0.654367 0.031126 0.151883
1 0.496674 0.617160 0.024458 0.120803
1 0.567387 0.608258 0.027062 0.117740
2 0.736933 0.532356 0.024925 0.148078
3 0.543209 0.647686 0.032557 0.136673
3 0.471513 0.715669 0.036087 0.176207
3 0.342397 0.640474 0.029740 0.144769
3 0.454400 0.627303 0.022850 0.130532
1 0.610887 0.586183 0.022398 0.111749
3 0.471696 0.623892 0.021718 0.098530
1 0.533504 0.571408 0.022083 0.092945
1 0.571744 0.605838 0.024072 0.116633
3 0.472379 0.677797 0.030192 0.220964
3 0.440417 0.653985 0.028709 0.159062
