3 0.210414 0.700882 0.043761 0.160574
2 0.730115 0.533366 0.039888 0.148474
3 0.461949 0.692846 0.036948 0.178117
3 0.588374 0.680344 0.040368 0.172643
3 0.477785 0.641347 0.029940 0.148734
1 0.631913 0.581210 0.020942 0.099283
3 0.344407 0.637501 0.031495 0.139906
1 0.648274 0.599543 0.024785 0.114062
1 0.560149 0.574051 0.020652 0.085609
1 0.517629 0.616229 0.023636 0.125276
1 0.536867 0.609563 0.019958 0.121602
1 0.507052 0.612696 0.020252 0.124558
3 0.471727 0.657947 0.026500 0.176190
1 0.634665 0.590075 0.020971 0.109358
