3 0.290278 0.667519 0.036829 0.162415
3 0.443731 0.706573 0.046208 0.166628
1 0.653854 0.579579 0.024250 0.102251
2 0.721106 0.530079 0.040044 0.152848
3 0.348369 0.639509 0.030443 0.122008
1 0.687334 0.620283 0.035299 0.124410
3 0.447673 0.632609 0.028726 0.104128
3 0.543359 0.642191 0.028749 0.151624
1 0.646158 0.610715 0.024021 0.110698
1 0.640575 0.615489 0.024526 0.105478
3 0.591005 0.639701 0.030650 0.142403
1 0.561740 0.618419 0.023965 0.100494
3 0.444741 0.669710 0.038264 0.187848
1 0.557623 0.613951 0.026128 0.108005
1 0.550456 0.566188 0.022739 0.071051
