3 0.482921 0.717575 0.044266 0.137467
1 0.493697 0.609723 0.028082 0.125442
2 0.730695 0.530966 0.038052 0.149177
3 0.473333 0.643577 0.027417 0.139366
3 0.525228 0.729814 0.041614 0.201621
1 0.591236 0.576448 0.026638 0.101388
1 0.657854 0.598715 0.025237 0.102467
1 0.534249 0.622286 0.028640 0.129874
3 0.307832 0.666513 0.032386 0.165092
3 0.448604 0.659673 0.030560 0.132060
3 0.477966 0.675488 0.033130 0.128788
1 0.536129 0.555324 0.023365 0.095328
1 0.537644 0.571005 0.024231 0.121470
3 0.481519 0.682009 0.045014 0.203611
3 0.455157 0.658384 0.025960 0.136215
1 0.539541 0.553057 0.019525 0.080308
