2 0.729959 0.531323 0.038936 0.148388
1 0.451869 0.605214 0.022403 0.123425
1 0.551513 0.610062 0.021129 0.107722
3 0.516827 0.638783 0.026473 0.137584
3 0.446814 0.715938 0.079325 0.148924
1 0.476010 0.615122 0.027656 0.121528
1 0.615749 0.581335 0.023887 0.105834
1 0.491945 0.587847 0.022087 0.113072
1 0.427877 0.605416 0.025675 0.109853
3 0.298112 0.673792 0.039373 0.130726
3 0.342366 0.629515 0.026156 0.107713
3 0.335379 0.704810 0.054831 0.151941
3 0.537905 0.651050 0.026475 0.149144
3 0.340546 0.635701 0.040886 0.126922
