3 0.492175 0.699111 0.047039 0.181140
3 0.571911 0.654163 0.028339 0.143072
1 0.550553 0.618772 0.021918 0.133057
3 0.386913 0.690664 0.037552 0.161895
3 0.334656 0.637637 0.027521 0.124385
2 0.720309 0.529754 0.038957 0.149314
3 0.291457 0.690139 0.037905 0.167480
3 0.472173 0.628328 0.025453 0.135555
1 0.500877 0.605039 0.024012 0.120368
1 0.567196 0.583562 0.019481 0.080289
1 0.534073 0.604679 0.020281 0.114641
3 0.485722 0.690864 0.038568 0.201094
1 0.585471 0.574123 0.020026 0.097953
1 0.539353 0.610463 0.026349 0.122285
1 0.544129 0.594352 0.024632 0.116873
1 0.552417 0.600720 0.023007 0.107669
