3 0.445364 0.642721 0.029884 0.150175
1 0.517828 0.616717 0.029329 0.126566
3 0.417036 0.687206 0.034099 0.161852
2 0.720965 0.529883 0.038362 0.152711
3 0.570777 0.660937 0.032823 0.149924
3 0.308783 0.643899 0.029580 0.139384
3 0.264095 0.681184 0.035984 0.157287
1 0.681048 0.587471 0.024787 0.117726
1 0.588501 0.580604 0.027213 0.102069
1 0.482473 0.597305 0.024761 0.093432
1 0.479941 0.606940 0.027904 0.114838
0 0.479858 0.444004 0.020120 0.032955
3 0.483627 0.659516 0.025643 0.125872
1 0.482567 0.622755 0.026102 0.144097
