3 0.455332 0.686951 0.040632 0.172028
3 0.586855 0.680453 0.039879 0.169636
3 0.254221 0.695522 0.033983 0.166859
1 0.529675 0.614579 0.024672 0.130132
2 0.736353 0.532414 0.025426 0.151269
3 0.343944 0.638310 0.031040 0.138842
1 0.622310 0.576452 0.021821 0.105139
1 0.559341 0.612962 0.025763 0.128912
1 0.641960 0.593406 0.026488 0.107210
3 0.489580 0.645265 0.028056 0.152071
3 0.462155 0.686997 0.034902 0.174308
1 0.625220 0.581977 0.020446 0.105588
1 0.638352 0.587659 0.027415 0.110880
3 0.468826 0.634851 0.022986 0.120953
