2 0.729889 0.533057 0.040665 0.151562
1 0.579017 0.593627 0.021986 0.099911
1 0.654325 0.592304 0.025108 0.106201
3 0.382934 0.681117 0.034181 0.149699
1 0.512232 0.625631 0.025912 0.113619
3 0.487597 0.627976 0.028245 0.135968
3 0.604596 0.683109 0.036066 0.152576
1 0.605295 0.600124 0.029002 0.096459
3 0.372154 0.631125 0.033521 0.122387
3 0.334381 0.740110 0.042702 0.199354
3 0.278336 0.666852 0.038841 0.160470
1 0.518362 0.587707 0.022584 0.105309
3 0.374366 0.658154 0.033748 0.181701
1 0.520747 0.580363 0.021552 0.088715
