3 0.515354 0.705603 0.037974 0.189303
2 0.729921 0.533412 0.035873 0.153264
3 0.270176 0.675015 0.035545 0.171664
1 0.674889 0.596749 0.026281 0.100259
1 0.479192 0.607548 0.021149 0.111876
1 0.501137 0.609305 0.023967 0.123220
1 0.618554 0.586652 0.026219 0.115510
3 0.315830 0.648305 0.025867 0.123705
3 0.580422 0.680771 0.030193 0.153291
3 0.444791 0.648505 0.023588 0.148921
1 0.575393 0.608971 0.024251 0.113338
3 0.464988 0.651070 0.024650 0.150067
1 0.505181 0.601869 0.023327 0.107957
1 0.572254 0.558213 0.022374 0.070509
