3 0.389151 0.660194 0.033403 0.162338
1 0.608981 0.632798 0.029715 0.125985
1 0.469948 0.587173 0.024782 0.103498
2 0.733857 0.532831 0.025485 0.147251
1 0.652950 0.607789 0.025533 0.126970
3 0.357647 0.634578 0.023877 0.129389
3 0.282215 0.666901 0.024745 0.155521
1 0.548978 0.592528 0.025029 0.099009
3 0.580625 0.683228 0.029248 0.150666
3 0.507806 0.631750 0.026920 0.129589
1 0.581137 0.581022 0.023578 0.102499
1 0.631222 0.594522 0.023110 0.117757
3 0.477045 0.781008 0.039646 0.239086
1 0.494847 0.566730 0.018902 0.083425
1 0.635439 0.596491 0.023284 0.124484
