1 0.569061 0.583075 0.023857 0.105945
1 0.606777 0.585057 0.021915 0.099925
2 0.720265 0.528241 0.038914 0.148664
3 0.310999 0.798633 0.052939 0.220113
1 0.637986 0.593943 0.020806 0.102601
3 0.592796 0.640615 0.035151 0.147889
3 0.338444 0.626152 0.028893 0.129832
1 0.661073 0.614822 0.030011 0.127828
3 0.281364 0.669179 0.032176 0.144886
3 0.389206 0.687477 0.042990 0.174911
1 0.456213 0.585554 0.024999 0.101532
3 0.503650 0.629141 0.024199 0.132086
1 0.463788 0.585436 0.019565 0.101691
1 0.460386 0.585313 0.023216 0.106154
