1 0.468460 0.614227 0.028722 0.131448
1 0.531486 0.620834 0.023380 0.130561
3 0.571855 0.707187 0.045465 0.160077
3 0.326689 0.705946 0.050450 0.138078
2 0.720235 0.530082 0.039897 0.151248
1 0.656638 0.607993 0.023294 0.102757
1 0.635609 0.583481 0.023945 0.101073
3 0.444205 0.664167 0.031525 0.133808
3 0.550067 0.633528 0.023001 0.138898
1 0.511165 0.579045 0.022880 0.108004
3 0.322983 0.629152 0.027835 0.108615
3 0.393194 0.711210 0.053529 0.154453
3 0.326628 0.632240 0.041834 0.118075
1 0.527387 0.615864 0.024246 0.130352
1 0.531897 0.597884 0.022516 0.126604
1 0.452753 0.596501 0.017850 0.107476
