3 0.539077 0.691450 0.042335 0.098782
2 0.720326 0.530694 0.040064 0.151804
1 0.494292 0.618073 0.023069 0.118454
1 0.516027 0.628427 0.021704 0.118110
1 0.610618 0.593741 0.027289 0.122416
1 0.501479 0.599285 0.018633 0.134604
3 0.576618 0.638492 0.033140 0.139343
3 0.403187 0.641191 0.032134 0.135847
3 0.382085 0.637494 0.022045 0.131953
1 0.505630 0.618635 0.019784 0.121719
3 0.357702 0.728825 0.063356 0.153962
1 0.502723 0.573317 0.017231 0.083873
1 0.621493 0.615627 0.028115 0.141834
1 0.632470 0.617346 0.020935 0.115213
3 0.359342 0.658385 0.030450 0.098516
1 0.511103 0.625435 0.020631 0.119818
1 0.614721 0.599767 0.025076 0.135014
1 0.626784 0.620200 0.025452 0.128961
3 0.354472 0.695039 0.050474 0.182111
