3 0.582064 0.675189 0.028224 0.142936
3 0.492647 0.686018 0.035154 0.177993
1 0.594027 0.615896 0.025029 0.127607
2 0.735208 0.531274 0.024698 0.152662
1 0.621869 0.602661 0.021695 0.108571
3 0.291908 0.666822 0.028930 0.158052
3 0.385773 0.669936 0.034768 0.165342
1 0.568376 0.621643 0.026105 0.126210
3 0.340083 0.639617 0.025924 0.121820
1 0.635527 0.616161 0.022580 0.125033
1 0.684515 0.591279 0.027302 0.108773
3 0.501167 0.671147 0.031669 0.181077
3 0.506837 0.641927 0.027319 0.134208
1 0.505794 0.563227 0.022679 0.083453
1 0.593065 0.603829 0.020842 0.103810
