2 0.729947 0.532726 0.038601 0.148524
1 0.605704 0.617703 0.023760 0.106268
3 0.441607 0.701826 0.070891 0.158768
3 0.635811 0.669281 0.025343 0.141381
1 0.538626 0.610832 0.026008 0.133102
3 0.344474 0.638251 0.033158 0.141761
1 0.660373 0.598940 0.028882 0.119056
1 0.510660 0.606402 0.024526 0.148431
3 0.221406 0.678257 0.031598 0.158726
1 0.508058 0.598221 0.022860 0.126072
3 0.585652 0.635082 0.024145 0.131915
3 0.321487 0.679205 0.033189 0.119365
1 0.517991 0.616060 0.024780 0.129791
1 0.520776 0.604953 0.018576 0.135717
