2 0.729765 0.533335 0.037003 0.155318
1 0.602514 0.586322 0.022062 0.104075
3 0.267764 0.658820 0.032701 0.163195
3 0.578008 0.681847 0.033183 0.157742
3 0.176486 0.687849 0.043265 0.182822
3 0.505602 0.631325 0.027526 0.138903
1 0.637622 0.631384 0.027243 0.135100
3 0.294678 0.775771 0.055199 0.227972
1 0.654438 0.587473 0.022260 0.114999
1 0.460490 0.581587 0.019727 0.102943
1 0.537188 0.584231 0.021194 0.101970
3 0.298904 0.636700 0.022550 0.122521
1 0.634171 0.622392 0.022079 0.146278
1 0.649364 0.610559 0.022016 0.144417
