3 0.447130 0.695334 0.051256 0.159982
2 0.729803 0.530672 0.039438 0.146091
3 0.550738 0.648504 0.037647 0.150687
3 0.347595 0.667242 0.034159 0.155200
1 0.572603 0.586699 0.024820 0.105174
1 0.671056 0.611204 0.029797 0.097779
1 0.467333 0.605242 0.021058 0.106870
1 0.495195 0.614740 0.025857 0.126162
1 0.514471 0.578811 0.024274 0.098797
3 0.366398 0.640381 0.024358 0.127549
1 0.621824 0.634937 0.046379 0.127269
3 0.358885 0.663498 0.027065 0.161929
1 0.600783 0.614058 0.033776 0.161486
3 0.456411 0.644068 0.029541 0.115600
