2 0.729589 0.532352 0.035397 0.152980
3 0.299362 0.677916 0.036795 0.150810
3 0.489974 0.702801 0.051422 0.152766
1 0.529950 0.618932 0.023838 0.135533
3 0.442996 0.653088 0.039357 0.140072
1 0.671216 0.605839 0.026565 0.104847
3 0.374920 0.715074 0.067574 0.171306
1 0.491652 0.598741 0.021736 0.095497
3 0.316595 0.643063 0.024513 0.133085
1 0.614164 0.579470 0.025538 0.098560
1 0.495685 0.591099 0.021556 0.094582
3 0.480237 0.637917 0.027738 0.122361
3 0.312035 0.670733 0.022517 0.162052
1 0.451370 0.594910 0.018015 0.085971
1 0.499644 0.573473 0.020941 0.121164
