3 0.387711 0.657403 0.027895 0.139553
2 0.728570 0.532362 0.035300 0.149295
3 0.508596 0.674543 0.028388 0.144275
1 0.468690 0.591215 0.027003 0.096995
1 0.527786 0.595854 0.020188 0.113427
3 0.341715 0.646829 0.034080 0.142042
3 0.421743 0.650516 0.036463 0.145419
1 0.620867 0.586745 0.022297 0.106982
1 0.639168 0.614546 0.025183 0.125811
1 0.547149 0.593053 0.021848 0.101683
1 0.672677 0.590075 0.025275 0.108823
3 0.392749 0.646978 0.028558 0.159566
3 0.525513 0.604267 0.022613 0.105029
3 0.396781 0.625744 0.023134 0.140358
