3 0.287472 0.677508 0.036802 0.154157
1 0.554293 0.582728 0.025466 0.111406
2 0.729189 0.531636 0.034574 0.155003
3 0.422864 0.675148 0.035178 0.163941
3 0.489432 0.701771 0.031268 0.161364
1 0.678576 0.614552 0.028584 0.127603
1 0.456152 0.583667 0.019912 0.099732
1 0.474255 0.583580 0.021146 0.103111
3 0.438726 0.624805 0.023691 0.124165
3 0.320860 0.637394 0.027160 0.137405
1 0.642375 0.593451 0.024019 0.093926
3 0.541371 0.638510 0.034780 0.146362
1 0.584877 0.588472 0.027440 0.109755
3 0.434907 0.658524 0.025749 0.174481
1 0.640193 0.582732 0.026835 0.113341
1 0.459526 0.583824 0.019197 0.107428
