3 0.434848 0.714038 0.040081 0.191367
1 0.521499 0.616728 0.025665 0.132705
2 0.721526 0.531452 0.036312 0.149985
3 0.311417 0.657489 0.029213 0.153233
1 0.484297 0.617647 0.028315 0.132151
3 0.579130 0.715650 0.049314 0.161433
3 0.294926 0.699486 0.034448 0.159737
1 0.668884 0.612583 0.029843 0.110023
3 0.300527 0.678765 0.036587 0.197984
3 0.545129 0.631628 0.029247 0.141808
1 0.524633 0.608200 0.023554 0.135662
1 0.445787 0.598823 0.023076 0.106963
3 0.436401 0.638703 0.033334 0.105709
1 0.533762 0.576060 0.021231 0.097052
