3 0.270160 0.679997 0.035350 0.171931
2 0.720548 0.530931 0.038513 0.148698
3 0.324779 0.638812 0.024482 0.127549
1 0.457964 0.613153 0.026428 0.126868
3 0.567629 0.680989 0.033299 0.176902
1 0.648471 0.594376 0.026443 0.102202
3 0.521523 0.643248 0.029217 0.135563
1 0.605627 0.559852 0.022488 0.086564
3 0.561003 0.681956 0.037598 0.178042
3 0.404692 0.697379 0.038573 0.136472
1 0.474524 0.597508 0.023592 0.099521
1 0.546780 0.607312 0.025241 0.125425
1 0.468830 0.613745 0.022367 0.124713
1 0.548887 0.590100 0.024653 0.119083
1 0.550375 0.568224 0.021688 0.077253
