3 0.512367 0.704769 0.035139 0.163641
2 0.730265 0.531696 0.037208 0.155586
1 0.629879 0.589174 0.025914 0.111158
1 0.480162 0.613297 0.022071 0.122865
1 0.676006 0.607580 0.030595 0.105465
3 0.341288 0.667446 0.031411 0.118085
3 0.370129 0.684389 0.038564 0.175967
1 0.514189 0.583971 0.022605 0.113941
1 0.571787 0.614686 0.041188 0.124086
3 0.531435 0.650501 0.032879 0.152128
3 0.539051 0.643644 0.029605 0.139209
1 0.577128 0.606263 0.030437 0.107964
3 0.520953 0.694237 0.026148 0.187499
3 0.520148 0.627816 0.020184 0.109199
