3 0.486658 0.709819 0.045010 0.177318
2 0.729373 0.534376 0.035559 0.152213
1 0.631532 0.607762 0.026810 0.108530
3 0.297289 0.661716 0.031949 0.151937
3 0.393162 0.674244 0.052872 0.142074
3 0.611919 0.670710 0.037709 0.131175
1 0.479611 0.584468 0.024891 0.106091
1 0.601645 0.614214 0.027756 0.137151
3 0.363623 0.634575 0.027694 0.126817
3 0.532071 0.635886 0.037727 0.131609
1 0.508422 0.600624 0.025366 0.125912
1 0.604531 0.591415 0.026673 0.093903
1 0.520335 0.592849 0.028498 0.117002
1 0.527699 0.570401 0.021862 0.079658
