2 0.729131 0.533618 0.034867 0.152072
3 0.450324 0.649537 0.027471 0.140532
1 0.591904 0.631920 0.033572 0.119785
1 0.660011 0.610810 0.028061 0.099030
3 0.478778 0.697204 0.028958 0.156653
1 0.509606 0.610613 0.026134 0.136949
1 0.603652 0.580772 0.022851 0.102582
3 0.372562 0.667417 0.032372 0.157818
1 0.534714 0.579521 0.023480 0.100332
3 0.378004 0.665177 0.029003 0.162710
3 0.457163 0.644494 0.023986 0.147317
0 0.549336 0.399444 0.018798 0.038794
3 0.383508 0.651735 0.022582 0.152046
3 0.461661 0.630603 0.017228 0.131124
3 0.567501 0.640130 0.022683 0.144088
