2 0.730406 0.531531 0.039458 0.150768
3 0.438988 0.622296 0.028802 0.137480
1 0.674466 0.615936 0.036417 0.125849
1 0.599299 0.597674 0.026694 0.096248
3 0.627224 0.658197 0.025596 0.132960
3 0.387052 0.677230 0.036251 0.155897
0 0.408932 0.414635 0.019819 0.027588
3 0.273263 0.655098 0.032606 0.153806
1 0.645276 0.597364 0.023633 0.108200
3 0.230795 0.785598 0.090119 0.246889
1 0.492462 0.620519 0.025474 0.113973
3 0.525741 0.632820 0.032353 0.136228
1 0.482673 0.582269 0.024333 0.107663
1 0.486039 0.612713 0.026237 0.123911
