2 0.728830 0.533481 0.035273 0.153646
1 0.462961 0.613122 0.030600 0.121158
3 0.316979 0.639935 0.025770 0.128320
1 0.615212 0.611460 0.025731 0.096357
3 0.551642 0.696460 0.053475 0.177540
1 0.588430 0.623269 0.028862 0.115862
3 0.362899 0.624970 0.022886 0.120299
3 0.503835 0.677633 0.031502 0.139120
1 0.396105 0.609971 0.026006 0.111222
1 0.594434 0.587647 0.024572 0.091437
3 0.441444 0.625405 0.027483 0.136563
3 0.495101 0.611418 0.026458 0.098908
3 0.498962 0.652017 0.029370 0.185467
1 0.611366 0.609064 0.030911 0.107462
