3 0.428582 0.708970 0.040931 0.196564
3 0.582117 0.717439 0.037514 0.165879
1 0.592420 0.631884 0.029921 0.119655
3 0.459188 0.658760 0.030648 0.155518
1 0.505871 0.622863 0.029428 0.134870
2 0.720085 0.530390 0.039434 0.149956
3 0.306069 0.655814 0.029920 0.165303
3 0.555098 0.630821 0.022519 0.135991
3 0.296675 0.675628 0.027856 0.150382
1 0.613220 0.581953 0.020861 0.112130
1 0.538732 0.624709 0.023974 0.132553
1 0.491918 0.574877 0.017686 0.081463
1 0.656809 0.560616 0.021378 0.079792
3 0.300621 0.663582 0.029912 0.168701
1 0.605503 0.598667 0.021708 0.081963
