2 0.729870 0.531900 0.039047 0.151483
1 0.544233 0.588155 0.022111 0.091870
1 0.612147 0.590678 0.021596 0.111792
3 0.328198 0.638256 0.025645 0.123376
3 0.506372 0.632887 0.026350 0.134941
3 0.578051 0.682055 0.033323 0.155204
1 0.635595 0.630534 0.026461 0.134250
3 0.247932 0.782683 0.071274 0.198517
1 0.645666 0.636416 0.030584 0.124133
3 0.217307 0.665888 0.029439 0.165421
3 0.293417 0.658372 0.033733 0.155023
1 0.463095 0.583210 0.021705 0.096447
1 0.632280 0.621896 0.023256 0.140427
1 0.642764 0.598525 0.029862 0.119749
