2 0.729640 0.532955 0.036392 0.153875
3 0.477173 0.647342 0.028252 0.142172
3 0.339457 0.676239 0.046169 0.159721
3 0.388304 0.684570 0.037453 0.102463
1 0.494609 0.604587 0.025376 0.111164
1 0.640783 0.614139 0.027372 0.104849
3 0.438750 0.648610 0.041117 0.105762
3 0.492374 0.697905 0.038789 0.150259
1 0.599619 0.582875 0.022611 0.104108
3 0.591907 0.671414 0.043848 0.125715
1 0.449430 0.591242 0.021528 0.105497
1 0.539826 0.575319 0.022635 0.096971
3 0.487491 0.690602 0.044786 0.172625
1 0.583102 0.609607 0.024453 0.097837
0 0.503880 0.488247 0.017091 0.029202
