3 0.564477 0.653355 0.029532 0.159502
1 0.617267 0.621816 0.027065 0.137201
3 0.401042 0.697106 0.036950 0.161395
2 0.720177 0.529480 0.040085 0.150969
3 0.293293 0.684927 0.056131 0.142656
3 0.430681 0.648820 0.026864 0.149432
1 0.641697 0.613801 0.021321 0.108390
1 0.665150 0.593406 0.023453 0.111798
3 0.526284 0.639207 0.035354 0.131497
3 0.343256 0.631067 0.029048 0.120953
1 0.468959 0.619352 0.029663 0.119331
1 0.518263 0.598661 0.025004 0.104725
1 0.520947 0.591134 0.024044 0.095727
3 0.529126 0.637069 0.022344 0.131173
