2 0.730482 0.530661 0.039725 0.149392
3 0.335933 0.678641 0.039002 0.175078
1 0.465275 0.583496 0.019132 0.097444
3 0.378955 0.689986 0.028506 0.159102
3 0.242558 0.674723 0.035382 0.164683
1 0.549543 0.583516 0.031026 0.103096
1 0.418237 0.589992 0.023455 0.111340
1 0.444143 0.596431 0.021195 0.109350
3 0.373953 0.676100 0.033040 0.175538
3 0.391806 0.656792 0.025664 0.135090
1 0.485027 0.590725 0.020952 0.094542
3 0.362064 0.664482 0.023988 0.178239
1 0.501216 0.561964 0.018816 0.082869
1 0.388128 0.581941 0.021328 0.093485
3 0.363241 0.644582 0.023664 0.134347
