2 0.729603 0.534212 0.039117 0.155267
3 0.288307 0.668701 0.038016 0.160875
1 0.615106 0.619068 0.022360 0.140904
3 0.528216 0.645816 0.034822 0.152936
1 0.493210 0.583729 0.018639 0.102952
1 0.480002 0.610881 0.021679 0.121753
1 0.608694 0.623542 0.031843 0.135743
3 0.578310 0.698362 0.029422 0.141372
1 0.602747 0.621467 0.023071 0.131958
3 0.322665 0.707711 0.053135 0.148915
1 0.707321 0.595199 0.027297 0.111711
3 0.465913 0.637033 0.021900 0.118208
3 0.571980 0.610522 0.024637 0.121879
1 0.483953 0.611518 0.021870 0.122718
1 0.488193 0.608104 0.017697 0.125245
3 0.575293 0.657147 0.026334 0.166337
1 0.598927 0.613981 0.022916 0.118248
