3 0.391659 0.684116 0.037191 0.175720
2 0.730193 0.535437 0.035768 0.151232
1 0.592272 0.600619 0.022602 0.102451
1 0.527734 0.619461 0.027915 0.125607
3 0.318546 0.650633 0.029544 0.158033
3 0.567677 0.637092 0.032599 0.141229
1 0.667000 0.595266 0.033271 0.114748
3 0.481979 0.628342 0.026147 0.140507
3 0.508292 0.641501 0.031528 0.130661
1 0.672367 0.598704 0.028353 0.111998
3 0.490629 0.785557 0.039952 0.213031
1 0.662217 0.593019 0.025109 0.110080
1 0.528750 0.559816 0.022503 0.064618
1 0.489181 0.586138 0.018003 0.092825
