3 0.475394 0.700828 0.034891 0.161973
1 0.403653 0.602770 0.023578 0.115508
2 0.727376 0.532254 0.038522 0.154127
3 0.466228 0.627355 0.025309 0.119738
1 0.491636 0.591785 0.023380 0.104323
1 0.586703 0.593080 0.035299 0.113049
3 0.438186 0.631620 0.024964 0.130180
1 0.524990 0.595030 0.024006 0.115531
3 0.383856 0.636188 0.027269 0.127855
3 0.470476 0.651882 0.030812 0.178316
3 0.291905 0.664948 0.027824 0.139718
3 0.403049 0.729629 0.059098 0.089165
1 0.504653 0.609712 0.020548 0.110419
1 0.608831 0.553935 0.019328 0.076222
