1 0.221659 0.526651 0.025970 0.124773
3 0.260565 0.587172 0.031957 0.154222
3 0.435957 0.523772 0.030681 0.147524
1 0.295478 0.528641 0.033200 0.150609
1 0.410323 0.515290 0.027398 0.126762
1 0.235038 0.498935 0.028903 0.135376
3 0.527536 0.567426 0.037594 0.160374
1 0.317217 0.489124 0.026640 0.113997
1 0.226476 0.517389 0.030677 0.142639
3 0.633911 0.543624 0.037343 0.139758
3 0.390860 0.568789 0.031276 0.144915
2 0.565622 0.399111 0.030419 0.136564
3 0.548456 0.534682 0.025377 0.136744
1 0.240440 0.499149 0.026345 0.123484
