3 0.357776 0.618252 0.036149 0.176041
3 0.404692 0.558524 0.038676 0.159141
1 0.342005 0.520998 0.024619 0.147760
3 0.304055 0.557301 0.028932 0.158891
1 0.204913 0.496782 0.036854 0.097564
3 0.454122 0.564970 0.042781 0.177719
3 0.528906 0.534692 0.029422 0.146859
1 0.367748 0.503117 0.025203 0.119833
1 0.389741 0.506809 0.026732 0.121085
1 0.300643 0.469082 0.025457 0.102813
2 0.565693 0.398997 0.034280 0.136206
1 0.326581 0.534211 0.024960 0.168442
3 0.324649 0.550717 0.024207 0.148181
1 0.322842 0.503473 0.022905 0.119025
1 0.334259 0.524632 0.028548 0.158297
