1 0.302113 0.530003 0.025740 0.129957
1 0.213482 0.519850 0.036689 0.150912
3 0.404134 0.584470 0.036141 0.174495
3 0.282810 0.586471 0.041373 0.181645
1 0.253370 0.499305 0.025769 0.110860
1 0.306608 0.509612 0.027637 0.165444
3 0.333621 0.537535 0.033179 0.149523
3 0.370614 0.542367 0.026916 0.132822
1 0.311948 0.483346 0.026615 0.121981
3 0.491367 0.511674 0.032182 0.133677
2 0.566945 0.399279 0.029279 0.136222
1 0.392555 0.482020 0.028897 0.111541
1 0.226837 0.492082 0.021225 0.107645
1 0.307643 0.485805 0.026244 0.129273
1 0.309727 0.472319 0.024662 0.098000
