3 0.360243 0.617733 0.038583 0.198349
1 0.225917 0.542247 0.033802 0.148250
3 0.570047 0.574066 0.035448 0.173098
1 0.243876 0.491537 0.029538 0.124922
1 0.318685 0.521049 0.031270 0.140734
1 0.197869 0.504028 0.027433 0.110681
3 0.592616 0.533608 0.026232 0.144602
3 0.434598 0.582476 0.033779 0.166554
2 0.564824 0.400296 0.032390 0.136742
3 0.342423 0.553639 0.027550 0.154090
1 0.361868 0.498755 0.028363 0.143953
1 0.234685 0.512343 0.029944 0.138332
1 0.323647 0.511316 0.029497 0.121363
1 0.360342 0.483601 0.027520 0.110041
