1 0.342965 0.520838 0.027894 0.143872
3 0.325274 0.593757 0.049954 0.184157
1 0.371354 0.516531 0.028377 0.137838
1 0.242776 0.496001 0.030249 0.125562
1 0.219731 0.532920 0.031656 0.133005
3 0.645722 0.546904 0.032054 0.147766
3 0.599780 0.583154 0.046581 0.155703
2 0.565776 0.400547 0.030021 0.136569
1 0.441730 0.488881 0.025104 0.110402
3 0.442272 0.562322 0.028712 0.141764
3 0.428297 0.614323 0.045079 0.181206
3 0.424299 0.510625 0.026910 0.113063
1 0.310126 0.446145 0.019767 0.082842
3 0.428492 0.537372 0.034777 0.162993
1 0.438645 0.498118 0.027789 0.122597
