1 0.251190 0.526577 0.032615 0.150263
3 0.354375 0.599553 0.045735 0.179937
3 0.514905 0.544453 0.028706 0.151348
3 0.488914 0.582641 0.039324 0.175451
1 0.329562 0.514075 0.024753 0.126995
3 0.620134 0.576305 0.038194 0.185360
2 0.567983 0.399971 0.028746 0.134969
1 0.298234 0.517963 0.026813 0.127937
3 0.542594 0.563486 0.029418 0.140940
1 0.302606 0.498978 0.027584 0.163005
3 0.245371 0.600524 0.030269 0.154182
1 0.351347 0.496808 0.026193 0.107062
1 0.156780 0.487812 0.026888 0.119821
1 0.304187 0.479933 0.024435 0.114349
