1 0.355599 0.518943 0.028154 0.149361
1 0.244481 0.526893 0.027746 0.146381
1 0.328078 0.487581 0.023407 0.116501
2 0.564794 0.400962 0.032286 0.137730
3 0.507957 0.514409 0.027030 0.132567
3 0.482406 0.579587 0.062505 0.161833
1 0.389014 0.492479 0.024644 0.107867
3 0.308291 0.623121 0.070226 0.168244
1 0.250909 0.520732 0.026808 0.143348
1 0.341282 0.516214 0.018220 0.143079
3 0.269650 0.554102 0.028612 0.153406
3 0.223876 0.556775 0.036891 0.149630
3 0.651851 0.549981 0.043335 0.152252
1 0.332106 0.494221 0.021738 0.122319
1 0.337180 0.498955 0.018381 0.119462
1 0.261897 0.537922 0.024513 0.146488
