1 0.254772 0.495872 0.026760 0.105724
3 0.417291 0.586028 0.037955 0.178938
3 0.275566 0.599031 0.042700 0.190969
3 0.510237 0.515748 0.034548 0.134304
1 0.304592 0.531469 0.026752 0.136370
1 0.204637 0.520284 0.027382 0.141334
3 0.376230 0.543819 0.028807 0.132083
1 0.306756 0.509733 0.031193 0.174671
2 0.566972 0.400399 0.028207 0.136412
1 0.394737 0.482455 0.028660 0.116254
1 0.226245 0.495025 0.024211 0.118659
1 0.311885 0.489715 0.026808 0.135399
3 0.331835 0.539886 0.025818 0.145695
1 0.219936 0.499592 0.024296 0.116695
1 0.309779 0.471078 0.025117 0.094955
