1 0.407809 0.513543 0.028092 0.138071
3 0.438436 0.571471 0.032979 0.153177
3 0.473208 0.550983 0.028844 0.156401
3 0.380894 0.579538 0.031441 0.166403
3 0.528414 0.567823 0.043044 0.162403
1 0.215227 0.508944 0.032465 0.117096
1 0.283557 0.480156 0.027475 0.122851
1 0.364071 0.512695 0.028460 0.135966
2 0.565052 0.397850 0.030397 0.130806
1 0.323981 0.464215 0.024167 0.100415
3 0.645590 0.553148 0.036032 0.143316
1 0.423331 0.524407 0.024724 0.145543
3 0.432293 0.558596 0.029173 0.167991
3 0.429162 0.518375 0.028014 0.122782
