1 0.142786 0.491749 0.026951 0.109792
1 0.368652 0.519757 0.029150 0.138931
3 0.602764 0.539144 0.026630 0.133075
1 0.315673 0.526394 0.030102 0.147425
3 0.310029 0.592846 0.045155 0.171171
3 0.410361 0.516687 0.031394 0.133634
2 0.565640 0.401988 0.029439 0.141549
1 0.225158 0.510533 0.030901 0.128746
1 0.344028 0.490818 0.025884 0.110416
3 0.576027 0.567408 0.038320 0.158361
1 0.301457 0.471508 0.025517 0.099409
3 0.417406 0.624970 0.051032 0.191706
3 0.431039 0.590250 0.029801 0.153206
1 0.309487 0.497337 0.031885 0.110621
1 0.314610 0.509787 0.026253 0.121610
3 0.413689 0.537035 0.031532 0.166529
