1 0.318538 0.480053 0.022377 0.122640
1 0.216091 0.515733 0.023688 0.130729
2 0.566111 0.400387 0.032141 0.136534
3 0.695206 0.618763 0.035240 0.188791
3 0.275931 0.590571 0.044455 0.180028
1 0.339672 0.490102 0.023385 0.102692
3 0.473166 0.566943 0.035511 0.158011
3 0.381914 0.591463 0.034874 0.161417
1 0.303320 0.495089 0.024862 0.119059
1 0.203575 0.515659 0.026088 0.127669
1 0.398127 0.503455 0.032911 0.131491
1 0.311580 0.491054 0.026119 0.124346
1 0.307467 0.493176 0.023456 0.123739
3 0.394223 0.524795 0.028284 0.147343
