1 0.285768 0.531478 0.028157 0.154304
3 0.361142 0.541643 0.028596 0.142183
2 0.573265 0.400851 0.037661 0.139836
3 0.475757 0.519478 0.030546 0.135742
1 0.386347 0.512260 0.028280 0.134444
1 0.315693 0.501296 0.026203 0.097006
1 0.187043 0.484425 0.028063 0.119974
3 0.310931 0.601072 0.051883 0.184259
3 0.444895 0.572218 0.036868 0.163525
1 0.341991 0.502689 0.026314 0.117043
3 0.543101 0.556078 0.032194 0.146586
1 0.388434 0.493911 0.027146 0.150101
0 0.378527 0.176966 0.018915 0.041688
1 0.288948 0.514615 0.025363 0.123969
