1 0.389060 0.513218 0.024233 0.134804
1 0.320281 0.523206 0.037617 0.144256
1 0.191827 0.519185 0.030805 0.127753
3 0.434367 0.561978 0.028414 0.138894
3 0.443028 0.526789 0.030990 0.156274
3 0.309797 0.584669 0.046855 0.175922
3 0.635575 0.551767 0.033752 0.142666
1 0.408623 0.489340 0.025127 0.106280
1 0.344083 0.472208 0.027779 0.104090
3 0.545477 0.599180 0.044578 0.145943
1 0.228259 0.497467 0.028641 0.127943
2 0.565803 0.399165 0.029791 0.135491
3 0.446876 0.517256 0.028740 0.134809
3 0.464827 0.619024 0.074165 0.153232
