3 0.380784 0.611904 0.044042 0.195484
1 0.313970 0.523359 0.029942 0.149872
1 0.389180 0.508288 0.027312 0.113671
3 0.598047 0.534332 0.030182 0.140421
3 0.635686 0.572280 0.036352 0.169735
3 0.252336 0.591579 0.034203 0.162909
1 0.391068 0.486085 0.028573 0.119461
3 0.443383 0.548681 0.030459 0.157287
3 0.420769 0.553381 0.030333 0.156678
2 0.565259 0.399126 0.032221 0.134413
1 0.334991 0.520250 0.022517 0.134335
1 0.394348 0.470992 0.026545 0.109332
1 0.168862 0.471244 0.031266 0.102986
1 0.338376 0.507256 0.023048 0.116558
