1 0.342729 0.520087 0.029924 0.145368
3 0.371260 0.609180 0.034486 0.174109
1 0.411096 0.478481 0.025680 0.115427
3 0.291192 0.577807 0.039734 0.166050
3 0.423348 0.551453 0.032047 0.154332
1 0.193444 0.503938 0.028910 0.106295
3 0.491468 0.564213 0.031551 0.165766
1 0.405857 0.494917 0.028536 0.134272
1 0.279819 0.486264 0.026706 0.109899
2 0.565090 0.400360 0.029464 0.135208
3 0.515408 0.525906 0.027265 0.135542
1 0.291789 0.502792 0.027829 0.084829
1 0.399929 0.505168 0.020650 0.122028
1 0.287975 0.495000 0.029251 0.103287
3 0.439174 0.550614 0.026447 0.142456
