1 0.230642 0.521837 0.028611 0.145223
1 0.251622 0.488119 0.024055 0.109891
1 0.401115 0.479307 0.024135 0.116847
1 0.352684 0.472366 0.026702 0.118518
1 0.315183 0.501659 0.021732 0.111240
3 0.269857 0.586829 0.032712 0.154376
3 0.408987 0.629984 0.065630 0.209745
3 0.638962 0.598487 0.054274 0.198380
3 0.436065 0.524522 0.030777 0.143196
3 0.491052 0.607801 0.044931 0.174653
2 0.567373 0.399406 0.027174 0.134704
3 0.274481 0.571084 0.034601 0.183045
1 0.331600 0.499441 0.022664 0.114847
3 0.278117 0.557189 0.029270 0.160583
0 0.590663 0.637717 0.017911 0.028339
1 0.246802 0.504152 0.023356 0.121516
1 0.347774 0.474855 0.021947 0.121450
1 0.024280 0.493849 0.023619 0.109134
3 0.272353 0.563938 0.025185 0.146324
