1 0.428400 0.473990 0.026948 0.110097
3 0.334488 0.607116 0.043947 0.193818
3 0.441235 0.559593 0.045710 0.160171
3 0.471279 0.521378 0.034788 0.137641
1 0.327826 0.499708 0.028826 0.087637
3 0.569841 0.538495 0.032882 0.140641
2 0.565596 0.400570 0.030377 0.137666
1 0.270464 0.505270 0.029887 0.155033
1 0.458600 0.496027 0.024818 0.129222
1 0.114423 0.533904 0.024802 0.122329
3 0.262213 0.573754 0.045896 0.116945
3 0.658881 0.611115 0.056949 0.133520
1 0.259119 0.533769 0.035358 0.127251
1 0.265312 0.527893 0.042102 0.133335
1 0.271376 0.481537 0.030051 0.143120
1 0.259746 0.561570 0.041916 0.131063
