1 0.403803 0.508805 0.028911 0.130960
3 0.422440 0.558003 0.033906 0.148949
1 0.345157 0.508582 0.027247 0.121856
1 0.280271 0.517594 0.026870 0.128992
3 0.469447 0.585467 0.057277 0.175335
3 0.290369 0.580501 0.037484 0.147124
3 0.550085 0.532616 0.028684 0.141371
1 0.235780 0.495258 0.032563 0.129604
3 0.578468 0.569449 0.030477 0.157088
2 0.565057 0.400466 0.030511 0.139476
0 0.349996 0.239571 0.017189 0.034543
1 0.327495 0.495971 0.023047 0.115488
3 0.466843 0.515455 0.030625 0.133069
1 0.331728 0.504501 0.027288 0.126605
