3 0.464534 0.584165 0.039796 0.182511
1 0.239469 0.507204 0.026851 0.112828
3 0.484071 0.540793 0.028950 0.154179
3 0.284407 0.560778 0.027254 0.139773
1 0.418063 0.511276 0.028326 0.120280
1 0.366447 0.514476 0.027601 0.145850
1 0.263349 0.482410 0.024855 0.116446
2 0.568151 0.399263 0.026281 0.134931
3 0.512903 0.515893 0.028979 0.133481
1 0.377176 0.502955 0.027564 0.125807
3 0.303302 0.655052 0.039404 0.184965
1 0.296500 0.500928 0.022935 0.105061
3 0.315295 0.561040 0.027166 0.151052
3 0.291078 0.580956 0.025778 0.176081
