3 0.299789 0.579308 0.038677 0.182957
3 0.413581 0.599951 0.033983 0.189158
1 0.386006 0.516454 0.026658 0.130587
3 0.449179 0.547563 0.032438 0.158393
1 0.366762 0.489757 0.021010 0.110318
1 0.348176 0.517470 0.030915 0.144450
1 0.404855 0.471265 0.025212 0.109478
2 0.564539 0.399947 0.032235 0.137190
3 0.612223 0.578268 0.037637 0.208792
3 0.271172 0.588052 0.032025 0.157629
3 0.609264 0.600596 0.041335 0.177038
1 0.317632 0.530525 0.031535 0.132939
1 0.402006 0.485838 0.026302 0.133543
1 0.096625 0.472859 0.028485 0.104281
