3 0.336026 0.537983 0.030040 0.143144
3 0.257481 0.573220 0.035199 0.167650
1 0.198710 0.517388 0.033513 0.126606
3 0.468364 0.516481 0.031590 0.146521
1 0.311315 0.484178 0.024801 0.115258
1 0.170566 0.518927 0.025639 0.120335
3 0.530699 0.577273 0.036098 0.171060
3 0.400776 0.623713 0.040249 0.189049
1 0.240807 0.486282 0.028746 0.114904
2 0.566538 0.398465 0.029258 0.134528
3 0.638470 0.594083 0.053151 0.125264
1 0.358981 0.478716 0.025097 0.104991
0 0.605242 0.627007 0.018995 0.031553
1 0.455612 0.479325 0.024343 0.120757
