1 0.325532 0.535065 0.037896 0.130560
3 0.281869 0.589130 0.044041 0.177179
3 0.609361 0.544315 0.031443 0.147486
3 0.422517 0.609384 0.056818 0.163689
1 0.351336 0.481244 0.027856 0.116135
1 0.205240 0.525455 0.027786 0.129004
1 0.229172 0.496413 0.028661 0.128762
2 0.565013 0.399801 0.031058 0.136981
3 0.532985 0.589263 0.062072 0.179268
3 0.467689 0.558691 0.035250 0.143757
3 0.393864 0.528197 0.033715 0.147161
1 0.408406 0.491854 0.024629 0.102176
0 0.381764 0.209597 0.021241 0.032051
1 0.209920 0.516718 0.031953 0.140063
3 0.399967 0.526309 0.030498 0.145300
