3 0.398375 0.591300 0.032106 0.160961
1 0.315577 0.509231 0.027012 0.117540
1 0.348311 0.505078 0.028293 0.125910
1 0.266769 0.489833 0.026288 0.113776
3 0.597849 0.565903 0.035028 0.156844
2 0.566583 0.400425 0.032108 0.137631
3 0.444211 0.537705 0.025624 0.149448
1 0.275516 0.542160 0.025442 0.130316
1 0.269903 0.529284 0.027102 0.149617
3 0.297135 0.564817 0.031106 0.158486
3 0.427773 0.532351 0.022377 0.147541
1 0.370422 0.475978 0.029582 0.115296
3 0.497306 0.598381 0.062775 0.132015
1 0.354894 0.498043 0.026154 0.130853
1 0.270360 0.499201 0.027723 0.127009
1 0.288693 0.519912 0.025887 0.124086
