1 0.205065 0.503144 0.026910 0.124766
3 0.422047 0.585306 0.034521 0.162249
3 0.308773 0.605838 0.040481 0.178202
1 0.237039 0.538283 0.043561 0.132420
1 0.295443 0.488357 0.026140 0.116869
3 0.553509 0.550743 0.033917 0.161387
3 0.367577 0.538640 0.024057 0.147128
2 0.564423 0.399689 0.031680 0.137187
1 0.315602 0.522741 0.027263 0.121733
3 0.533419 0.534650 0.022088 0.139696
3 0.385374 0.543216 0.025849 0.151381
1 0.441978 0.490622 0.026838 0.117120
1 0.359504 0.500608 0.021188 0.108067
1 0.311234 0.511486 0.026320 0.108202
