1 0.374486 0.516079 0.031224 0.147889
3 0.555701 0.565876 0.040403 0.178230
3 0.297614 0.576169 0.041829 0.172747
3 0.606163 0.539155 0.036850 0.156508
3 0.401283 0.546189 0.028799 0.133438
1 0.333610 0.480907 0.027867 0.101835
3 0.428641 0.636037 0.038857 0.187296
2 0.564438 0.398625 0.031762 0.132498
1 0.197171 0.487502 0.024874 0.098173
1 0.402005 0.487797 0.023849 0.092861
3 0.436949 0.541468 0.029538 0.159669
1 0.401743 0.502913 0.025883 0.123594
1 0.306297 0.471237 0.025739 0.103853
1 0.305016 0.513996 0.030072 0.114541
