1 0.380074 0.481951 0.024027 0.108934
3 0.580542 0.538220 0.028454 0.140804
1 0.278180 0.530540 0.025628 0.136020
1 0.316786 0.525094 0.036611 0.151037
3 0.386810 0.618751 0.045660 0.199782
3 0.419915 0.552361 0.031828 0.153574
3 0.660869 0.571127 0.038679 0.179420
2 0.566775 0.400616 0.027769 0.136755
3 0.263816 0.602826 0.034514 0.164100
1 0.291981 0.486413 0.022121 0.093339
1 0.400192 0.506861 0.025211 0.119293
3 0.456999 0.546034 0.031270 0.166181
1 0.202609 0.462250 0.022639 0.089930
1 0.287303 0.497497 0.028375 0.109123
1 0.287847 0.489285 0.022034 0.097403
1 0.282076 0.526972 0.026570 0.147353
