3 0.458583 0.557935 0.047228 0.155925
1 0.396505 0.522105 0.035307 0.121904
3 0.337004 0.596830 0.038408 0.193215
3 0.359213 0.553592 0.028531 0.132143
1 0.434261 0.471605 0.026741 0.107374
1 0.491866 0.501572 0.036230 0.129198
1 0.195555 0.523228 0.033286 0.132253
1 0.303050 0.501885 0.035730 0.105224
3 0.614136 0.573339 0.043456 0.167415
2 0.565111 0.400197 0.031230 0.134863
1 0.384561 0.481052 0.024589 0.112666
1 0.389598 0.496333 0.030063 0.135024
1 0.393313 0.504558 0.036706 0.156345
3 0.467287 0.548967 0.035678 0.166093
3 0.454733 0.551426 0.024448 0.146144
