3 0.331875 0.598437 0.046286 0.192573
3 0.463947 0.558982 0.035100 0.162217
1 0.176760 0.523541 0.029345 0.130965
1 0.429743 0.471388 0.024760 0.112060
3 0.607063 0.575256 0.044990 0.174815
1 0.441953 0.443952 0.027999 0.127675
1 0.389766 0.476870 0.023749 0.110449
1 0.443345 0.519872 0.024744 0.116520
1 0.434621 0.457447 0.032531 0.142846
1 0.287781 0.493522 0.027509 0.109575
2 0.565126 0.401068 0.030938 0.139626
3 0.549491 0.552920 0.035619 0.118398
3 0.357716 0.559508 0.029350 0.115351
1 0.437864 0.502071 0.023447 0.098903
