3 0.501669 0.595140 0.037737 0.192678
1 0.316982 0.520469 0.036452 0.139933
1 0.352799 0.502423 0.024079 0.116289
3 0.605277 0.552912 0.029638 0.163796
3 0.466122 0.549219 0.038051 0.165203
2 0.565882 0.400661 0.033373 0.138885
1 0.177182 0.481576 0.028818 0.116388
3 0.379347 0.612966 0.038453 0.200227
3 0.261215 0.605624 0.037468 0.172596
1 0.323149 0.519065 0.030592 0.137016
1 0.322240 0.495690 0.028522 0.164323
1 0.368585 0.502582 0.027472 0.110294
1 0.321488 0.470005 0.029074 0.107648
1 0.366335 0.481084 0.025728 0.123531
1 0.364246 0.501872 0.027012 0.119865
