3 0.414768 0.590815 0.039561 0.162744
1 0.187410 0.522231 0.029206 0.125088
1 0.104265 0.495390 0.028097 0.122870
1 0.239095 0.513500 0.032501 0.139935
1 0.140695 0.530786 0.034903 0.137216
2 0.565519 0.399274 0.028971 0.136205
3 0.322372 0.592470 0.046641 0.186256
3 0.375283 0.613414 0.047294 0.190800
3 0.312554 0.590220 0.032256 0.181733
1 0.233126 0.505430 0.028179 0.135348
3 0.176475 0.651530 0.035415 0.211559
3 0.330622 0.595105 0.038028 0.193386
3 0.190744 0.633425 0.030119 0.174217
1 0.108788 0.495441 0.027722 0.130860
