3 0.368218 0.616373 0.045162 0.197264
3 0.814691 0.676270 0.089035 0.245970
3 0.590487 0.533063 0.025811 0.136422
2 0.572488 0.400509 0.035003 0.138948
3 0.454073 0.585908 0.035497 0.164968
3 0.267273 0.561619 0.040457 0.160210
1 0.448870 0.481705 0.025369 0.116621
1 0.205235 0.509644 0.030479 0.133351
1 0.322015 0.525611 0.030817 0.141818
1 0.375692 0.476992 0.030835 0.108295
3 0.375037 0.509937 0.030705 0.110967
1 0.266827 0.481018 0.032235 0.084738
1 0.373728 0.492578 0.032165 0.094731
1 0.318753 0.509517 0.030841 0.141990
