1 0.296692 0.528793 0.024051 0.129820
1 0.331993 0.521554 0.029594 0.149635
3 0.391381 0.604324 0.035897 0.185369
3 0.267772 0.600294 0.041473 0.167063
3 0.428050 0.563634 0.038895 0.133274
3 0.690386 0.565064 0.035484 0.179149
1 0.389116 0.499296 0.025061 0.094796
3 0.584908 0.581936 0.042461 0.133077
1 0.269242 0.477132 0.027564 0.111250
1 0.371405 0.477558 0.025185 0.108695
3 0.460636 0.545868 0.033366 0.164204
2 0.566406 0.399532 0.028478 0.135330
1 0.115222 0.470572 0.022276 0.105027
1 0.376011 0.489079 0.021297 0.099795
