3 0.277994 0.561655 0.031570 0.145271
1 0.240989 0.527653 0.025905 0.121345
1 0.304098 0.490171 0.026808 0.113652
1 0.295143 0.528802 0.026141 0.138380
3 0.345306 0.629341 0.057002 0.183728
3 0.564958 0.566526 0.044194 0.141480
1 0.491910 0.497330 0.030707 0.138272
1 0.370400 0.475616 0.030437 0.122492
3 0.491546 0.594737 0.063949 0.165444
2 0.566024 0.400228 0.028494 0.138949
3 0.401072 0.500493 0.028411 0.138110
1 0.239043 0.514803 0.031492 0.154715
1 0.302354 0.506300 0.030934 0.135795
1 0.382497 0.465799 0.027238 0.119840
3 0.470461 0.517343 0.028277 0.122664
