1 0.396969 0.493390 0.025679 0.109069
1 0.177939 0.550978 0.037983 0.130368
1 0.371368 0.517870 0.034654 0.140670
3 0.518951 0.577814 0.045029 0.168354
1 0.256447 0.541291 0.028924 0.139178
3 0.342912 0.627435 0.070524 0.139447
3 0.632938 0.560112 0.030924 0.146697
1 0.283315 0.507333 0.031226 0.135331
2 0.565543 0.399078 0.029692 0.135677
3 0.496277 0.513540 0.031503 0.138582
3 0.232972 0.562436 0.029439 0.145255
3 0.308543 0.542645 0.033433 0.109739
0 0.203305 0.274547 0.019711 0.036069
1 0.366316 0.503454 0.031093 0.155624
1 0.367540 0.472352 0.029414 0.092647
