1 0.431307 0.514703 0.021957 0.121690
3 0.451920 0.588872 0.036949 0.156989
1 0.263357 0.490476 0.028819 0.118786
3 0.400331 0.526023 0.034918 0.136426
3 0.311694 0.619717 0.045759 0.199822
1 0.384448 0.483187 0.026435 0.113789
3 0.321487 0.535872 0.037093 0.148861
1 0.201065 0.511181 0.038977 0.141322
3 0.523624 0.517642 0.026347 0.125440
2 0.568698 0.398546 0.028353 0.134156
3 0.740441 0.663005 0.060740 0.240195
1 0.434792 0.506025 0.028535 0.140921
1 0.442333 0.483349 0.025615 0.121835
1 0.314573 0.487838 0.030541 0.099037
