1 0.282108 0.537596 0.031405 0.128877
1 0.191465 0.518447 0.037114 0.121946
1 0.379409 0.508951 0.026193 0.135160
3 0.403332 0.604680 0.048098 0.190969
3 0.551302 0.594224 0.036841 0.154136
3 0.551800 0.562128 0.038933 0.221009
2 0.563828 0.399850 0.032878 0.137124
1 0.257443 0.488089 0.025823 0.110997
3 0.528889 0.528429 0.027462 0.151172
1 0.404417 0.493625 0.029199 0.107563
3 0.249094 0.595377 0.035129 0.165439
3 0.556334 0.537476 0.032209 0.166562
1 0.400580 0.486714 0.027337 0.104262
1 0.224202 0.454015 0.022217 0.095744
