3 0.604538 0.572000 0.035160 0.184330
1 0.350563 0.520156 0.030185 0.148582
3 0.439748 0.625016 0.034050 0.183368
1 0.306074 0.506295 0.026673 0.099693
1 0.396680 0.514661 0.030374 0.134023
3 0.469302 0.550083 0.031678 0.152879
1 0.245318 0.505371 0.030992 0.113809
2 0.563003 0.399420 0.034876 0.138200
3 0.308019 0.606558 0.043374 0.180631
3 0.679712 0.560821 0.033208 0.150884
3 0.443111 0.508237 0.024477 0.127038
1 0.278783 0.452170 0.023140 0.088286
1 0.308121 0.517130 0.029770 0.124145
1 0.431696 0.477943 0.022393 0.114935
