1 0.308204 0.525212 0.030352 0.146366
0 0.327836 0.381910 0.020549 0.039982
3 0.265971 0.584346 0.039681 0.151472
1 0.242510 0.543645 0.027630 0.134153
1 0.392971 0.512079 0.026975 0.136644
3 0.552903 0.559601 0.044324 0.144469
1 0.381032 0.499195 0.024564 0.112901
3 0.617653 0.563503 0.034701 0.177651
3 0.352618 0.608013 0.043287 0.180738
1 0.321926 0.475450 0.023304 0.109932
2 0.565316 0.400753 0.030255 0.137982
3 0.413974 0.547145 0.033597 0.153721
3 0.342120 0.517020 0.025945 0.119060
1 0.254218 0.489290 0.030245 0.100789
1 0.250016 0.517718 0.032536 0.145222
