3 0.436555 0.533037 0.028523 0.146951
1 0.260637 0.543300 0.027959 0.141392
1 0.230866 0.501965 0.029548 0.126476
3 0.281295 0.584869 0.036112 0.151508
1 0.331199 0.521748 0.032662 0.150262
1 0.281317 0.475678 0.025748 0.116991
1 0.407221 0.481100 0.022700 0.086099
3 0.389801 0.606006 0.042692 0.195368
2 0.565803 0.399677 0.028485 0.134337
1 0.392325 0.495645 0.024777 0.103147
3 0.581108 0.589830 0.040861 0.187848
3 0.402536 0.561967 0.032929 0.157003
3 0.572336 0.575005 0.031402 0.161056
1 0.264519 0.529693 0.027727 0.132129
