1 0.403179 0.511277 0.026628 0.139325
3 0.381508 0.615215 0.046683 0.203681
1 0.330892 0.521034 0.031544 0.147930
2 0.565808 0.400763 0.030309 0.137355
3 0.253747 0.588881 0.034450 0.158849
3 0.595828 0.556455 0.030865 0.164137
3 0.444568 0.553135 0.029952 0.160308
1 0.366672 0.506809 0.025491 0.108635
3 0.424269 0.552074 0.026723 0.159162
1 0.191410 0.490779 0.028301 0.083633
3 0.578713 0.536905 0.021422 0.138604
1 0.398481 0.506609 0.028481 0.139833
1 0.392212 0.477273 0.024294 0.127747
3 0.588445 0.555043 0.034068 0.172685
1 0.365367 0.481460 0.023955 0.120632
1 0.395189 0.468241 0.023928 0.100610
