1 0.294821 0.506132 0.026342 0.121708
3 0.523704 0.538289 0.031394 0.152215
1 0.392861 0.514853 0.024572 0.140683
3 0.420409 0.624777 0.045447 0.213431
3 0.489639 0.559797 0.028015 0.146540
3 0.317334 0.582777 0.036942 0.181796
3 0.239391 0.597802 0.050819 0.183631
1 0.374417 0.511067 0.022065 0.140010
1 0.354905 0.514714 0.024085 0.129400
3 0.544897 0.578722 0.031001 0.160309
2 0.567860 0.399051 0.027540 0.136190
1 0.284951 0.472128 0.024102 0.120762
1 0.291937 0.497617 0.033257 0.138799
3 0.529849 0.558032 0.033839 0.189224
