1 0.300988 0.525334 0.032271 0.147784
3 0.377301 0.599033 0.045437 0.176750
3 0.616778 0.562585 0.037533 0.148779
1 0.343450 0.509487 0.026560 0.115414
1 0.319625 0.487780 0.025708 0.125863
1 0.232401 0.515233 0.031412 0.134522
3 0.451837 0.602643 0.045324 0.183739
3 0.277417 0.584819 0.033295 0.150273
1 0.166656 0.537780 0.046015 0.137087
2 0.566339 0.400557 0.029985 0.137233
3 0.452078 0.514762 0.027071 0.121381
3 0.415851 0.522747 0.033497 0.136235
1 0.308116 0.521415 0.039836 0.160036
1 0.315274 0.502959 0.029768 0.136672
