1 0.338648 0.517345 0.030823 0.148166
3 0.611395 0.567177 0.029111 0.159127
1 0.387017 0.507646 0.027208 0.127771
1 0.416983 0.492849 0.027109 0.104798
1 0.297340 0.478112 0.025334 0.110383
3 0.366286 0.623532 0.043218 0.135370
3 0.411886 0.570393 0.043725 0.155372
3 0.580415 0.538485 0.036408 0.146294
3 0.476096 0.588720 0.050799 0.178051
2 0.565851 0.398974 0.028225 0.134331
1 0.192151 0.523953 0.028217 0.123801
1 0.198730 0.480450 0.026194 0.116722
0 0.388247 0.255148 0.022504 0.045876
3 0.461634 0.517681 0.030554 0.128852
3 0.463794 0.506160 0.028385 0.103664
