1 0.405451 0.495186 0.027712 0.109450
3 0.428648 0.590943 0.069509 0.162694
3 0.470008 0.516516 0.026300 0.126896
1 0.381002 0.526191 0.028280 0.126961
3 0.564843 0.615799 0.051165 0.155469
1 0.223672 0.504319 0.031926 0.127150
1 0.452105 0.495645 0.026014 0.124836
3 0.510272 0.563368 0.035672 0.090056
1 0.353738 0.488891 0.026971 0.132502
2 0.565612 0.399707 0.029019 0.135460
3 0.350227 0.560414 0.049296 0.163467
3 0.284186 0.562218 0.029316 0.148378
1 0.351074 0.549454 0.042714 0.166274
1 0.401916 0.509002 0.025754 0.129937
