3 0.357914 0.624534 0.039463 0.193399
3 0.476912 0.597371 0.044935 0.191801
3 0.619265 0.580695 0.040051 0.171306
1 0.300679 0.518896 0.030917 0.145486
1 0.344098 0.488907 0.026734 0.101772
1 0.388223 0.514344 0.027140 0.143228
2 0.565484 0.397837 0.031658 0.133418
3 0.539236 0.529136 0.028983 0.143332
3 0.569882 0.529774 0.030962 0.146288
3 0.435205 0.562412 0.042194 0.138424
1 0.173274 0.461471 0.024387 0.100985
1 0.292278 0.475579 0.029515 0.089257
1 0.288486 0.478449 0.026562 0.100399
1 0.289149 0.469140 0.022569 0.081928
