1 0.343808 0.521195 0.029567 0.146232
1 0.379949 0.516212 0.031137 0.139660
1 0.238035 0.494677 0.026670 0.125442
1 0.223214 0.529000 0.027777 0.128931
3 0.326181 0.593778 0.051045 0.185775
3 0.600327 0.582842 0.047083 0.155717
3 0.429276 0.616934 0.050433 0.166690
3 0.444717 0.562290 0.030871 0.149644
3 0.652107 0.553769 0.038985 0.136489
1 0.227512 0.517907 0.031902 0.152516
1 0.444853 0.483587 0.030907 0.110310
2 0.565538 0.401860 0.033205 0.135680
3 0.418517 0.510519 0.027800 0.113965
1 0.308006 0.445798 0.021256 0.084473
