1 0.237461 0.534274 0.032864 0.139608
3 0.347078 0.584429 0.040047 0.183916
1 0.314004 0.522662 0.027876 0.128767
2 0.563302 0.399140 0.033789 0.136977
1 0.407764 0.487711 0.024897 0.123031
1 0.268299 0.493784 0.025976 0.114182
1 0.440690 0.504059 0.028271 0.132872
3 0.520911 0.545210 0.032086 0.146170
3 0.394137 0.531132 0.034741 0.139886
1 0.402048 0.499159 0.032950 0.117763
1 0.396581 0.530948 0.037551 0.143227
1 0.144600 0.520831 0.027233 0.129038
3 0.655845 0.621353 0.066229 0.113830
1 0.244483 0.550500 0.044160 0.177500
