3 0.368684 0.548280 0.038669 0.164991
1 0.316029 0.484879 0.029920 0.121055
1 0.313752 0.514978 0.030698 0.159322
3 0.343485 0.588225 0.032963 0.171625
1 0.416972 0.486921 0.025314 0.113262
3 0.289383 0.563263 0.038624 0.142550
3 0.445285 0.520978 0.029890 0.137854
3 0.618518 0.537576 0.030809 0.155649
3 0.564207 0.571781 0.035380 0.151268
1 0.209346 0.504867 0.029479 0.125046
1 0.310445 0.531800 0.031095 0.130249
2 0.565455 0.399766 0.031559 0.136401
1 0.347485 0.492635 0.024330 0.089787
1 0.317923 0.468384 0.026493 0.087368
