3 0.497128 0.575394 0.051782 0.164544
3 0.397512 0.594858 0.047471 0.171053
2 0.571245 0.400521 0.034841 0.140344
1 0.289851 0.526753 0.030959 0.148272
1 0.305202 0.486820 0.025847 0.120372
1 0.379885 0.504432 0.026951 0.122299
3 0.451891 0.596789 0.044080 0.160022
1 0.415414 0.488635 0.023712 0.106294
3 0.576246 0.565418 0.052968 0.146922
1 0.344212 0.483061 0.023090 0.106347
3 0.448606 0.513357 0.031557 0.125457
1 0.282713 0.517214 0.031552 0.131693
3 0.449655 0.562021 0.041622 0.231949
1 0.275748 0.513496 0.021246 0.128432
1 0.299147 0.505157 0.027582 0.132979
