3 0.436478 0.570965 0.039433 0.152496
1 0.375776 0.518538 0.034482 0.145756
1 0.453149 0.487691 0.026665 0.116661
1 0.251668 0.515815 0.027261 0.125387
3 0.477792 0.547752 0.030356 0.151501
3 0.339737 0.540710 0.031563 0.143523
1 0.318724 0.478266 0.024165 0.098771
1 0.280462 0.494081 0.031351 0.124343
2 0.565584 0.399351 0.029844 0.136366
3 0.617652 0.547113 0.031026 0.145575
3 0.442383 0.505470 0.029184 0.106196
3 0.433203 0.512992 0.031884 0.122364
3 0.437572 0.533584 0.037725 0.165527
3 0.447215 0.501077 0.022633 0.099467
