1 0.374200 0.524465 0.029142 0.129123
3 0.638065 0.572882 0.041413 0.188312
3 0.415845 0.608442 0.043907 0.195115
3 0.348099 0.540017 0.033328 0.142664
1 0.329691 0.475645 0.025415 0.143143
1 0.212837 0.517214 0.026588 0.140231
3 0.493534 0.578669 0.032646 0.163127
2 0.562482 0.398369 0.035158 0.135917
1 0.305927 0.503549 0.026004 0.106764
3 0.436629 0.530563 0.029118 0.157464
3 0.282884 0.592007 0.033559 0.158882
1 0.241558 0.499871 0.029669 0.119712
1 0.396933 0.476896 0.021296 0.106709
1 0.330864 0.457828 0.022239 0.140106
1 0.324326 0.497235 0.026772 0.122073
