3 0.396956 0.526669 0.032631 0.140750
1 0.194025 0.522385 0.036469 0.140857
3 0.270062 0.583670 0.033165 0.157822
3 0.438565 0.613170 0.049454 0.205230
3 0.507388 0.575294 0.030956 0.149449
2 0.566028 0.399097 0.029456 0.133284
1 0.233178 0.499029 0.032936 0.119818
1 0.334419 0.504740 0.030200 0.108532
1 0.307941 0.509330 0.023027 0.108122
3 0.733687 0.611985 0.041275 0.213473
1 0.320035 0.490084 0.024098 0.131275
3 0.475506 0.511866 0.021968 0.130020
1 0.311118 0.499998 0.022492 0.127156
1 0.390713 0.468931 0.025628 0.095558
