3 0.271572 0.561074 0.037612 0.165804
3 0.357508 0.614603 0.052592 0.198162
1 0.446346 0.483106 0.026492 0.123452
1 0.254256 0.504214 0.027469 0.131908
1 0.204826 0.507845 0.030446 0.136454
1 0.315905 0.528828 0.027743 0.136983
3 0.453647 0.588930 0.034061 0.161631
3 0.594115 0.532927 0.028747 0.139388
1 0.381473 0.475901 0.025325 0.105255
2 0.566701 0.398858 0.029642 0.135101
3 0.371324 0.532760 0.028488 0.149731
3 0.854580 0.687503 0.063100 0.267253
1 0.311996 0.518323 0.030593 0.159257
1 0.373389 0.531228 0.031989 0.154492
