3 0.454454 0.552189 0.038219 0.156926
1 0.316986 0.529407 0.029274 0.135042
1 0.397542 0.505852 0.028725 0.109810
1 0.355190 0.514809 0.030829 0.147830
1 0.409823 0.493411 0.024394 0.105256
1 0.207421 0.495055 0.025938 0.120117
3 0.341439 0.547712 0.027548 0.159192
1 0.401350 0.497427 0.029227 0.098448
3 0.566395 0.601627 0.046167 0.170251
3 0.266448 0.589914 0.035749 0.160748
2 0.564585 0.400411 0.031555 0.137367
1 0.301351 0.478533 0.027709 0.115207
3 0.400563 0.603237 0.055461 0.178210
3 0.601111 0.589359 0.032211 0.108478
