3 0.382539 0.606945 0.046235 0.191461
1 0.332342 0.522637 0.027931 0.144406
3 0.268088 0.599579 0.041753 0.170186
1 0.295731 0.529172 0.026900 0.130147
3 0.695559 0.571752 0.035580 0.184523
1 0.317575 0.483921 0.021102 0.101088
3 0.590180 0.568320 0.029251 0.163902
1 0.382631 0.507998 0.030270 0.119200
3 0.460456 0.544110 0.035273 0.163437
1 0.245415 0.477518 0.029642 0.113882
3 0.427616 0.565699 0.038941 0.128559
2 0.568229 0.399742 0.030165 0.139406
1 0.120612 0.480012 0.026707 0.112182
1 0.322820 0.488688 0.026636 0.102663
1 0.304906 0.511527 0.026449 0.151596
