3 0.461976 0.581867 0.042675 0.186262
3 0.287249 0.549315 0.030015 0.144177
1 0.341414 0.509370 0.021327 0.134139
3 0.528500 0.515426 0.026833 0.127994
3 0.509750 0.555149 0.027876 0.156566
3 0.318857 0.559576 0.027709 0.147974
1 0.387650 0.509179 0.030534 0.135379
2 0.565331 0.398501 0.031700 0.131736
1 0.331186 0.513472 0.021182 0.126692
1 0.240698 0.496728 0.031373 0.111669
3 0.284996 0.632143 0.038861 0.178742
1 0.361323 0.515544 0.027138 0.139384
1 0.237177 0.504457 0.028304 0.102827
1 0.247118 0.487644 0.029609 0.120984
1 0.339834 0.513089 0.029449 0.132443
