3 0.362188 0.538194 0.035140 0.148279
2 0.562342 0.398891 0.034654 0.135852
1 0.407916 0.511353 0.034471 0.138785
1 0.278596 0.497923 0.026117 0.118246
1 0.426422 0.486421 0.023816 0.129931
3 0.505226 0.556958 0.033090 0.145678
3 0.330797 0.565834 0.031040 0.171687
3 0.651673 0.586885 0.045164 0.177241
1 0.259388 0.553717 0.029510 0.176470
1 0.318996 0.504496 0.026900 0.091006
3 0.316962 0.586211 0.037425 0.157444
3 0.322786 0.576503 0.030006 0.166192
1 0.146671 0.511160 0.026798 0.129198
1 0.259053 0.590977 0.032343 0.101051
1 0.264405 0.548406 0.032293 0.176500
1 0.264402 0.508977 0.026521 0.117903
