1 0.374628 0.509037 0.029905 0.141588
1 0.332756 0.519445 0.028581 0.150381
1 0.233731 0.500270 0.033658 0.119278
3 0.273019 0.582563 0.054433 0.137835
3 0.398248 0.612548 0.075293 0.152600
1 0.336263 0.507721 0.028078 0.173122
3 0.496851 0.574707 0.036603 0.145012
3 0.604132 0.541983 0.036089 0.157997
1 0.463362 0.483911 0.027951 0.121677
3 0.358421 0.548596 0.027594 0.134348
2 0.565433 0.399715 0.029107 0.132599
1 0.336651 0.486715 0.024771 0.128295
1 0.336248 0.472778 0.023846 0.092254
1 0.340825 0.533743 0.021502 0.127490
3 0.419558 0.488587 0.031714 0.141413
