3 0.541418 0.583565 0.067204 0.154952
1 0.235665 0.504369 0.027430 0.125478
1 0.352951 0.512924 0.026237 0.145287
3 0.372338 0.615605 0.062698 0.144022
1 0.310195 0.507355 0.026303 0.120496
3 0.321666 0.638440 0.061449 0.205157
1 0.392381 0.501616 0.022724 0.111587
3 0.284824 0.578306 0.032389 0.168036
1 0.410729 0.479599 0.026309 0.119987
1 0.371427 0.524073 0.025592 0.139092
2 0.565269 0.400027 0.031137 0.134486
3 0.459384 0.509286 0.026578 0.137858
3 0.568135 0.522851 0.025935 0.130341
1 0.381119 0.514612 0.019168 0.130310
