3 0.376871 0.577196 0.044527 0.178256
1 0.408019 0.514681 0.026936 0.133590
3 0.328656 0.596535 0.034493 0.180152
3 0.467238 0.576511 0.043011 0.141955
1 0.201540 0.489639 0.027865 0.111342
3 0.301524 0.558043 0.026407 0.136280
3 0.445933 0.529365 0.031146 0.139213
3 0.604270 0.538147 0.030563 0.151511
2 0.562701 0.399227 0.034962 0.137853
1 0.343675 0.517229 0.029345 0.149629
1 0.318722 0.514354 0.026285 0.109357
1 0.373879 0.483689 0.024322 0.080596
1 0.359920 0.480372 0.020866 0.110663
3 0.455587 0.553664 0.028966 0.147399
1 0.362679 0.471410 0.021475 0.098645
