3 0.505903 0.589664 0.040268 0.185861
1 0.393367 0.476377 0.021925 0.095238
2 0.562253 0.399417 0.036831 0.139073
1 0.415383 0.510970 0.030605 0.137571
3 0.615308 0.580338 0.038202 0.174228
1 0.333968 0.512424 0.023841 0.128249
3 0.455042 0.537228 0.030807 0.138410
1 0.318400 0.513199 0.022780 0.126177
3 0.551771 0.528963 0.028300 0.141342
1 0.296405 0.487510 0.022959 0.094438
1 0.298566 0.497257 0.023312 0.113611
1 0.283509 0.456799 0.025064 0.109268
3 0.295916 0.584054 0.038499 0.175140
3 0.273336 0.582282 0.036120 0.179965
1 0.288108 0.466353 0.028800 0.109931
