1 0.247765 0.511901 0.026159 0.128889
1 0.441471 0.504098 0.027999 0.128636
3 0.590635 0.563514 0.032349 0.153251
1 0.328495 0.512501 0.024956 0.122017
3 0.506867 0.529682 0.029139 0.139713
1 0.302648 0.476391 0.026398 0.113414
1 0.384304 0.497086 0.026209 0.111024
2 0.565400 0.401138 0.031449 0.139629
3 0.317097 0.542833 0.032767 0.156757
3 0.423328 0.606139 0.050150 0.157905
3 0.263969 0.565369 0.037827 0.151965
1 0.271463 0.546847 0.026860 0.150775
1 0.267585 0.554489 0.030638 0.164507
1 0.269493 0.530811 0.026792 0.120107
