1 0.372787 0.516932 0.038535 0.146603
1 0.277348 0.520972 0.025840 0.121049
3 0.427664 0.604247 0.042225 0.193858
3 0.526067 0.554269 0.035916 0.161176
1 0.186547 0.506070 0.029037 0.119942
3 0.554688 0.533522 0.029811 0.141466
3 0.319501 0.555063 0.032928 0.155595
2 0.562598 0.396542 0.034683 0.136060
1 0.402373 0.474455 0.022848 0.105917
1 0.440748 0.506027 0.029523 0.127658
3 0.413913 0.545883 0.030604 0.147146
1 0.422417 0.491252 0.025337 0.101350
1 0.274249 0.505458 0.025871 0.151933
3 0.412349 0.522188 0.030609 0.101141
