1 0.256097 0.525088 0.026456 0.126183
3 0.298755 0.585805 0.039013 0.176035
3 0.344440 0.617662 0.043341 0.196673
1 0.358042 0.507843 0.026264 0.131122
2 0.562897 0.399927 0.034130 0.137665
1 0.319068 0.496645 0.024757 0.111134
1 0.377247 0.507140 0.024624 0.124768
3 0.428866 0.522968 0.026200 0.143293
1 0.239380 0.505344 0.025672 0.131447
3 0.398566 0.597745 0.064430 0.152919
1 0.373088 0.511230 0.024172 0.129377
3 0.552485 0.533280 0.027873 0.135012
3 0.523651 0.556808 0.054009 0.145456
1 0.250229 0.519712 0.028288 0.123537
