0 0.509118 0.299387 0.022876 0.044812
1 0.340948 0.527338 0.029668 0.134457
1 0.249079 0.501226 0.029822 0.119731
1 0.451592 0.480810 0.028697 0.118819
3 0.460002 0.584240 0.037725 0.165681
1 0.196022 0.506820 0.031609 0.130370
1 0.380307 0.486346 0.025862 0.114567
3 0.296285 0.606927 0.048086 0.193547
3 0.531066 0.519531 0.025560 0.124763
3 0.414239 0.525662 0.027368 0.143198
2 0.564578 0.398672 0.031126 0.133810
3 0.313715 0.542866 0.038039 0.155695
3 0.729069 0.659952 0.059868 0.243615
3 0.305108 0.592037 0.030030 0.222615
1 0.325502 0.511232 0.024704 0.126261
