3 0.508102 0.573086 0.037391 0.170527
1 0.173948 0.517308 0.038600 0.124688
3 0.393386 0.530807 0.028819 0.145420
3 0.343113 0.615809 0.035705 0.178308
1 0.449661 0.481036 0.030388 0.121309
3 0.305465 0.541312 0.033027 0.145138
3 0.666209 0.598471 0.038096 0.181688
3 0.492754 0.506901 0.024279 0.132102
1 0.369130 0.490548 0.024852 0.096654
2 0.566451 0.399360 0.028272 0.134827
1 0.239247 0.499762 0.028702 0.134402
1 0.320899 0.492383 0.027040 0.094835
1 0.223392 0.535561 0.041753 0.111319
1 0.229894 0.526419 0.035173 0.129254
0 0.390298 0.393740 0.016545 0.027285
