1 0.306896 0.528787 0.027437 0.143980
3 0.690886 0.568070 0.041046 0.179213
1 0.344034 0.495308 0.024955 0.103585
1 0.317046 0.482063 0.027707 0.129512
3 0.476310 0.581688 0.035446 0.165132
3 0.329576 0.611872 0.036916 0.198575
3 0.412572 0.522123 0.028808 0.152110
2 0.565862 0.400411 0.034214 0.134597
1 0.180669 0.500651 0.026442 0.123465
1 0.314356 0.512557 0.031742 0.178847
1 0.310492 0.503773 0.029063 0.110164
1 0.315264 0.473853 0.025518 0.101783
1 0.148893 0.488696 0.022910 0.105931
3 0.311041 0.544011 0.028237 0.114524
3 0.317417 0.584734 0.031453 0.160135
