3 0.428769 0.594681 0.054044 0.177166
3 0.515253 0.529943 0.035422 0.152685
1 0.261666 0.502160 0.036135 0.124548
1 0.414766 0.491090 0.031650 0.109830
3 0.563173 0.567584 0.029962 0.148349
1 0.305224 0.515098 0.031215 0.129357
1 0.295798 0.510852 0.029626 0.135763
1 0.288961 0.490308 0.024057 0.133834
2 0.565612 0.399468 0.030301 0.137277
1 0.493392 0.490793 0.025327 0.115316
3 0.320453 0.590328 0.040003 0.156814
1 0.311474 0.510567 0.027095 0.121855
3 0.403995 0.544933 0.026862 0.135823
1 0.408175 0.540369 0.034211 0.131001
