1 0.249787 0.538342 0.028730 0.141698
1 0.352738 0.505887 0.029587 0.142622
3 0.551511 0.578255 0.034219 0.157977
3 0.489920 0.525632 0.039869 0.145061
3 0.273967 0.591033 0.041931 0.152899
1 0.291817 0.511524 0.028251 0.112656
3 0.391520 0.605050 0.056063 0.182203
2 0.564826 0.400113 0.030365 0.135664
3 0.427860 0.550314 0.040211 0.157100
3 0.421028 0.556798 0.038597 0.146335
1 0.367410 0.472464 0.024508 0.112096
0 0.285819 0.286861 0.016860 0.030067
1 0.360360 0.496635 0.025053 0.150802
3 0.413240 0.554664 0.027720 0.146464
