1 0.285979 0.536096 0.030245 0.138290
1 0.320292 0.523423 0.029448 0.143623
3 0.255569 0.604886 0.042183 0.164523
3 0.593516 0.562957 0.035320 0.155869
3 0.470262 0.544310 0.030558 0.159241
1 0.372718 0.487530 0.021556 0.100116
1 0.117989 0.494269 0.026430 0.112956
3 0.445229 0.552254 0.032379 0.148339
2 0.565636 0.401183 0.030158 0.139393
1 0.357675 0.523184 0.025203 0.136009
3 0.399759 0.615868 0.041235 0.204076
1 0.328066 0.476119 0.023507 0.120609
3 0.552368 0.603039 0.049332 0.163191
1 0.325085 0.502533 0.027609 0.179354
1 0.328924 0.464192 0.023254 0.085428
