3 0.473546 0.576476 0.040152 0.180839
3 0.337941 0.627451 0.040878 0.182351
1 0.431627 0.487503 0.036236 0.129861
1 0.268710 0.486769 0.023681 0.115023
1 0.257906 0.513265 0.024688 0.111766
1 0.374927 0.475657 0.025587 0.103358
3 0.297528 0.546368 0.036346 0.144725
3 0.702449 0.581195 0.059370 0.193242
2 0.564898 0.398666 0.033105 0.138245
0 0.391011 0.338642 0.019097 0.030677
3 0.394492 0.542487 0.030189 0.136134
1 0.265163 0.500984 0.027839 0.136594
1 0.313819 0.494422 0.027026 0.099546
1 0.377118 0.515524 0.019916 0.121635
3 0.478209 0.504731 0.025437 0.115220
