1 0.225705 0.497955 0.035177 0.130599
3 0.410678 0.542168 0.038752 0.143725
1 0.278766 0.524254 0.028349 0.144206
3 0.449328 0.563275 0.042078 0.163779
1 0.256221 0.516299 0.024776 0.120654
3 0.491930 0.532224 0.027771 0.149825
3 0.510061 0.556950 0.028209 0.134932
1 0.375395 0.504987 0.029888 0.127225
3 0.294085 0.587194 0.052588 0.127834
2 0.567088 0.398466 0.028033 0.131731
3 0.342407 0.538928 0.032084 0.147518
1 0.309768 0.487359 0.023679 0.107613
1 0.370539 0.506876 0.030782 0.134226
1 0.362140 0.497667 0.021899 0.130057
