1 0.340137 0.523460 0.035767 0.149850
1 0.399010 0.512250 0.031437 0.137454
3 0.458399 0.617563 0.059446 0.155259
3 0.585820 0.566632 0.039899 0.172605
1 0.173811 0.519767 0.028426 0.124936
1 0.384559 0.493744 0.020945 0.128123
3 0.313680 0.611029 0.054004 0.165576
2 0.566997 0.400422 0.028369 0.137541
3 0.678998 0.559070 0.036005 0.153547
1 0.365272 0.505365 0.024083 0.116757
1 0.305296 0.456995 0.022347 0.081108
3 0.444201 0.524546 0.030490 0.134956
3 0.457212 0.592524 0.049770 0.203727
3 0.439343 0.502374 0.021231 0.104514
3 0.456098 0.536391 0.029949 0.123820
1 0.364822 0.485898 0.020883 0.126057
