1 0.329313 0.481847 0.024476 0.113420
1 0.403085 0.502125 0.027712 0.135637
3 0.503914 0.556120 0.048000 0.159601
1 0.460522 0.500013 0.030191 0.125183
2 0.573036 0.399675 0.037603 0.137987
3 0.350349 0.619600 0.037967 0.204674
1 0.275993 0.518211 0.037470 0.125206
3 0.438550 0.586595 0.036320 0.156015
3 0.434810 0.562942 0.032666 0.198861
1 0.310559 0.508965 0.027194 0.120461
1 0.432874 0.467715 0.027559 0.107766
3 0.427179 0.530348 0.028122 0.153249
3 0.348894 0.520386 0.031086 0.092893
3 0.486631 0.551309 0.027837 0.145904
