1 0.327124 0.532490 0.032193 0.139642
1 0.225260 0.496199 0.029989 0.125122
1 0.194881 0.510786 0.028719 0.134637
3 0.279377 0.552576 0.029819 0.153941
2 0.565483 0.397909 0.031900 0.131762
3 0.405160 0.607540 0.036581 0.186013
1 0.297561 0.479785 0.023511 0.109781
3 0.632510 0.578729 0.034805 0.169050
3 0.533050 0.515421 0.034238 0.134545
3 0.264583 0.580731 0.037380 0.192129
1 0.383719 0.468713 0.024475 0.097508
3 0.258431 0.586761 0.032182 0.177736
3 0.385493 0.537141 0.024750 0.127778
0 0.491649 0.848019 0.023261 0.047249
1 0.269151 0.492468 0.024271 0.092598
3 0.399791 0.595948 0.037126 0.209596
