1 0.183034 0.524621 0.027655 0.125390
1 0.331771 0.524727 0.037159 0.147258
3 0.518064 0.530002 0.046902 0.122341
1 0.415016 0.507156 0.032163 0.130418
3 0.561919 0.570561 0.037454 0.147026
1 0.408791 0.499007 0.030558 0.116120
1 0.292374 0.486087 0.026029 0.114713
1 0.209274 0.492646 0.029096 0.112785
3 0.433201 0.592780 0.042563 0.181337
3 0.356026 0.562860 0.042975 0.122745
2 0.566039 0.399100 0.028480 0.135832
3 0.400962 0.604255 0.029691 0.112949
3 0.439840 0.536292 0.027395 0.123248
3 0.440229 0.551943 0.032433 0.146041
