1 0.254056 0.497986 0.028127 0.110293
3 0.415669 0.591522 0.041110 0.184446
1 0.395599 0.478249 0.026202 0.107361
1 0.195961 0.516141 0.029943 0.133944
3 0.277929 0.600911 0.041648 0.191129
3 0.382616 0.540254 0.026803 0.132217
1 0.306737 0.531280 0.022832 0.137802
2 0.565557 0.399170 0.032289 0.134147
3 0.517838 0.514422 0.030284 0.136216
3 0.324818 0.540030 0.026514 0.143538
1 0.225409 0.496965 0.025492 0.119460
1 0.312323 0.463453 0.027460 0.085446
1 0.315194 0.472362 0.027984 0.106672
1 0.310354 0.473696 0.026056 0.107463
