1 0.175717 0.513403 0.028221 0.130041
3 0.288865 0.598867 0.041828 0.185019
1 0.346356 0.529334 0.030817 0.137364
1 0.243743 0.510064 0.030859 0.100841
3 0.612556 0.545706 0.027918 0.151654
3 0.430437 0.530734 0.024296 0.142701
2 0.568062 0.399387 0.027687 0.133882
3 0.415264 0.562174 0.028344 0.164568
3 0.820089 0.599325 0.045619 0.205392
1 0.310315 0.506014 0.028046 0.128888
1 0.294237 0.485072 0.021562 0.096894
1 0.369730 0.478371 0.029590 0.112071
3 0.266835 0.569715 0.022808 0.140493
1 0.300248 0.501773 0.028759 0.129823
