1 0.377548 0.483685 0.025398 0.101297
3 0.401426 0.616483 0.036791 0.205639
3 0.469896 0.545951 0.030949 0.160405
1 0.308819 0.525246 0.036035 0.146015
3 0.443868 0.555520 0.032347 0.144946
1 0.358564 0.522475 0.027155 0.137993
3 0.256877 0.603897 0.039238 0.166475
1 0.329473 0.470906 0.025348 0.106278
1 0.279308 0.536518 0.028762 0.137726
2 0.565479 0.400535 0.031315 0.139267
3 0.569389 0.597417 0.045498 0.170553
3 0.593566 0.570583 0.033130 0.137328
1 0.370710 0.494292 0.025518 0.103659
1 0.372566 0.479510 0.029802 0.108433
1 0.104618 0.476507 0.024613 0.105611
3 0.589863 0.583804 0.031579 0.161625
