1 0.319227 0.495926 0.022608 0.103319
3 0.388291 0.584195 0.032400 0.155566
3 0.335018 0.612806 0.040801 0.192719
3 0.411768 0.545183 0.035747 0.161859
3 0.633139 0.584525 0.040797 0.163986
1 0.184644 0.507456 0.029488 0.115658
1 0.251949 0.502424 0.026142 0.123874
2 0.562521 0.400292 0.035495 0.138619
3 0.454993 0.555437 0.039965 0.160089
1 0.303466 0.483279 0.024470 0.120994
3 0.352579 0.540201 0.029869 0.150711
1 0.293685 0.516691 0.028327 0.118539
1 0.337733 0.499422 0.022457 0.103652
1 0.298762 0.493683 0.028424 0.143351
