1 0.286263 0.536298 0.037970 0.135396
3 0.503388 0.527651 0.025520 0.140452
3 0.432612 0.569085 0.038858 0.168010
1 0.406009 0.475955 0.024332 0.110908
1 0.310816 0.489770 0.024980 0.119042
3 0.475138 0.548740 0.034076 0.149387
3 0.373024 0.583347 0.041644 0.156095
1 0.198317 0.502441 0.025582 0.110055
1 0.415803 0.494476 0.022676 0.111646
2 0.572793 0.397894 0.042204 0.140996
1 0.411007 0.487040 0.025444 0.105532
1 0.344998 0.510735 0.031171 0.140188
1 0.345535 0.538014 0.032680 0.189344
3 0.352098 0.560043 0.030459 0.154710
3 0.346923 0.557141 0.032844 0.158886
