3 0.408466 0.558654 0.031627 0.149346
1 0.305902 0.528313 0.031512 0.149443
3 0.252205 0.589125 0.041632 0.160986
1 0.354812 0.508790 0.022682 0.124043
2 0.565591 0.400101 0.031187 0.136904
1 0.323478 0.488035 0.023474 0.117395
3 0.447643 0.555375 0.027871 0.157491
3 0.631141 0.567116 0.032722 0.170400
3 0.602855 0.546922 0.024997 0.149340
1 0.394930 0.513461 0.026962 0.136756
3 0.469848 0.577549 0.033515 0.183798
1 0.155472 0.477542 0.025867 0.123904
1 0.316514 0.499427 0.030220 0.114755
1 0.345896 0.516423 0.027320 0.126940
3 0.459076 0.563411 0.034294 0.170977
