1 0.285855 0.539051 0.031984 0.139812
3 0.404564 0.627960 0.073081 0.178316
3 0.590830 0.573698 0.038535 0.144225
3 0.260676 0.600671 0.044335 0.164447
1 0.360995 0.520790 0.029218 0.138614
3 0.452448 0.552778 0.033011 0.156730
0 0.226740 0.332311 0.019035 0.036876
1 0.318667 0.525246 0.030236 0.139860
1 0.373962 0.495547 0.022887 0.112569
2 0.566218 0.400430 0.027889 0.136266
1 0.146907 0.496517 0.022764 0.107545
3 0.550749 0.605686 0.048904 0.161116
1 0.318147 0.494585 0.029379 0.158376
1 0.319661 0.472615 0.028182 0.104798
