3 0.424479 0.563843 0.038855 0.142909
1 0.356784 0.517901 0.027329 0.143111
3 0.458434 0.616899 0.049183 0.207251
1 0.325160 0.499155 0.027310 0.113935
2 0.562671 0.397062 0.036002 0.135187
3 0.618497 0.581985 0.034360 0.174838
1 0.269983 0.482357 0.031275 0.106003
3 0.340114 0.609435 0.040711 0.178016
1 0.377402 0.505506 0.023456 0.134668
3 0.540378 0.527453 0.030166 0.142990
1 0.219840 0.459735 0.024244 0.098600
1 0.384648 0.498138 0.029269 0.138554
3 0.564792 0.524540 0.028323 0.149854
1 0.371278 0.513959 0.022571 0.141461
1 0.390488 0.481428 0.026167 0.107341
