1 0.289621 0.530605 0.029378 0.151905
1 0.237479 0.543144 0.025520 0.133442
3 0.381071 0.580724 0.043229 0.170568
3 0.259853 0.574677 0.032956 0.146510
1 0.394200 0.512764 0.029348 0.132039
3 0.640426 0.533320 0.029474 0.157355
3 0.333539 0.542594 0.040365 0.157201
3 0.621179 0.568713 0.034099 0.153980
2 0.565327 0.399955 0.030184 0.135771
3 0.430907 0.546837 0.031886 0.149790
1 0.313279 0.476461 0.024758 0.110490
1 0.384764 0.490095 0.020765 0.094224
1 0.234730 0.520779 0.027589 0.166956
1 0.234511 0.500785 0.025108 0.128284
1 0.388903 0.505659 0.026678 0.123915
