1 0.416267 0.505687 0.029170 0.134761
2 0.573426 0.401149 0.038256 0.139906
3 0.560846 0.560629 0.033931 0.147267
3 0.355460 0.538056 0.028668 0.143463
1 0.231900 0.499820 0.029274 0.126218
3 0.466082 0.585993 0.042600 0.176451
1 0.337112 0.500009 0.027460 0.120681
3 0.287425 0.589086 0.061867 0.123075
3 0.504764 0.523907 0.035885 0.147802
1 0.343118 0.483302 0.028355 0.121177
1 0.284311 0.508868 0.027076 0.095638
3 0.282014 0.578361 0.048903 0.147799
3 0.270802 0.555274 0.031761 0.115123
1 0.347152 0.529400 0.029831 0.148410
