3 0.444418 0.537704 0.046127 0.132114
3 0.499566 0.572424 0.040604 0.174787
1 0.402716 0.505006 0.026924 0.125744
3 0.581815 0.541575 0.026641 0.140811
3 0.232595 0.581326 0.038583 0.153638
1 0.228057 0.487143 0.028281 0.106142
1 0.215200 0.532673 0.024782 0.133908
2 0.565542 0.400850 0.030427 0.139637
3 0.374624 0.586111 0.046557 0.141442
1 0.219661 0.510685 0.031850 0.142948
3 0.338174 0.538639 0.030111 0.126282
3 0.329258 0.541416 0.045441 0.134172
1 0.319754 0.508749 0.035265 0.148834
1 0.320883 0.488388 0.033467 0.106587
1 0.322177 0.529017 0.040697 0.148917
