1 0.407488 0.500207 0.024834 0.120926
1 0.345782 0.514101 0.026259 0.137475
1 0.240929 0.499388 0.023736 0.124880
3 0.388318 0.538576 0.024249 0.129406
3 0.478716 0.566871 0.032285 0.174620
2 0.572620 0.399875 0.036381 0.137350
1 0.321818 0.478341 0.029754 0.115478
3 0.425523 0.533031 0.026624 0.139727
3 0.445341 0.522928 0.027103 0.146079
1 0.262169 0.540944 0.026530 0.137839
3 0.370777 0.567862 0.031923 0.162721
1 0.329560 0.484607 0.026251 0.121460
1 0.424604 0.531679 0.028576 0.143553
1 0.410808 0.506133 0.028717 0.135299
1 0.350235 0.504250 0.029564 0.140408
