3 0.348922 0.532166 0.034311 0.150866
3 0.322656 0.580966 0.041799 0.178383
3 0.426428 0.562318 0.031666 0.163078
3 0.400224 0.537429 0.027132 0.130606
1 0.288200 0.497137 0.026134 0.107938
3 0.908845 0.628562 0.047115 0.191305
1 0.235073 0.516724 0.031697 0.147156
0 0.791909 0.669796 0.026464 0.047505
2 0.567379 0.398643 0.028016 0.135448
1 0.394655 0.496467 0.029867 0.133232
3 0.445734 0.520357 0.029820 0.140426
1 0.393255 0.473329 0.029190 0.098916
1 0.319264 0.466915 0.024134 0.092533
1 0.398068 0.536787 0.027959 0.128178
