1 0.250238 0.539135 0.031311 0.140775
3 0.417293 0.616375 0.037778 0.205027
3 0.471469 0.544325 0.029614 0.157625
3 0.509388 0.581419 0.034986 0.184509
1 0.310009 0.522687 0.029919 0.141847
1 0.364290 0.516188 0.033246 0.135786
3 0.279635 0.602049 0.038191 0.166921
2 0.565274 0.399396 0.031199 0.135744
3 0.441044 0.558834 0.036109 0.140969
3 0.621230 0.552640 0.032015 0.151752
1 0.103878 0.471536 0.023748 0.100154
1 0.374751 0.479496 0.022455 0.102125
1 0.315813 0.465792 0.023097 0.107109
1 0.312707 0.505954 0.029304 0.174269
