3 0.435433 0.574574 0.035429 0.174931
1 0.252959 0.505377 0.026646 0.110790
1 0.210869 0.516075 0.033628 0.135033
3 0.272745 0.579484 0.034192 0.153706
3 0.404903 0.529572 0.026421 0.147383
1 0.416656 0.483308 0.025685 0.121605
3 0.577826 0.538043 0.027233 0.143077
1 0.351177 0.480338 0.027241 0.116083
3 0.351717 0.610139 0.041687 0.190473
3 0.805986 0.605928 0.054104 0.208275
1 0.290077 0.485054 0.025249 0.119635
2 0.568198 0.399994 0.025743 0.133330
1 0.471494 0.507717 0.027358 0.119613
1 0.415276 0.502066 0.028817 0.152587
1 0.415445 0.471262 0.021916 0.094303
