1 0.380187 0.485551 0.025029 0.101323
3 0.359337 0.614130 0.036054 0.177102
3 0.536523 0.586571 0.042640 0.184785
1 0.456154 0.481352 0.029817 0.126625
1 0.228771 0.533471 0.024945 0.116504
3 0.716789 0.600568 0.045121 0.179116
1 0.253576 0.496901 0.026338 0.125356
1 0.194625 0.516628 0.035268 0.129026
3 0.491115 0.512085 0.026623 0.139752
3 0.302271 0.545004 0.030725 0.156485
2 0.567794 0.399064 0.027310 0.133696
1 0.316796 0.491314 0.026374 0.106320
3 0.367352 0.539545 0.029753 0.153644
3 0.363206 0.558866 0.035328 0.213527
0 0.482331 0.370567 0.019931 0.033557
