1 0.325558 0.518326 0.034076 0.146271
3 0.411130 0.616940 0.039864 0.202912
3 0.440452 0.558239 0.035847 0.140361
3 0.471810 0.545653 0.029429 0.154962
1 0.371960 0.515412 0.026692 0.133742
2 0.565507 0.399298 0.030670 0.134226
3 0.276246 0.612665 0.045495 0.148560
1 0.294692 0.472875 0.023929 0.108448
3 0.627743 0.555404 0.029057 0.154769
1 0.377210 0.494258 0.027649 0.128035
3 0.496476 0.600697 0.050175 0.156378
1 0.379301 0.480862 0.025553 0.107499
1 0.271235 0.526942 0.026053 0.118221
1 0.104077 0.472078 0.025445 0.101798
