3 0.317138 0.547593 0.034421 0.158126
3 0.357437 0.583010 0.041137 0.171805
1 0.260385 0.512397 0.035835 0.128549
1 0.338720 0.481170 0.026117 0.115293
1 0.195369 0.522468 0.032122 0.127920
3 0.555287 0.552583 0.032029 0.152256
1 0.460055 0.488537 0.029178 0.132578
3 0.427588 0.572195 0.028418 0.162724
2 0.565672 0.399518 0.028155 0.133030
3 0.442181 0.513488 0.028959 0.124859
3 0.402284 0.579866 0.043548 0.162666
1 0.360751 0.469269 0.025820 0.109202
1 0.308424 0.499588 0.024163 0.103804
3 0.412171 0.577305 0.029588 0.163086
3 0.419915 0.577271 0.034155 0.163341
