3 0.629470 0.589232 0.038163 0.204514
3 0.418761 0.621655 0.043156 0.208672
1 0.363957 0.521144 0.034541 0.143590
3 0.471045 0.544103 0.031251 0.165029
1 0.280461 0.519417 0.029789 0.144573
3 0.444285 0.546757 0.030805 0.158097
2 0.564123 0.398718 0.032501 0.132829
1 0.325415 0.469631 0.026959 0.104437
3 0.257577 0.606839 0.041287 0.168056
1 0.089501 0.476107 0.024738 0.110734
1 0.388587 0.478249 0.020486 0.098141
1 0.271147 0.527940 0.025572 0.139481
1 0.363756 0.493476 0.023635 0.147252
1 0.262569 0.536504 0.028724 0.130709
1 0.364162 0.463565 0.019367 0.089190
1 0.258801 0.523553 0.025335 0.106610
