3 0.458535 0.576836 0.043798 0.185051
1 0.409106 0.507113 0.026154 0.127423
1 0.420782 0.501264 0.029209 0.130982
1 0.166945 0.494433 0.027552 0.119638
1 0.424984 0.494636 0.026175 0.124965
3 0.375387 0.605161 0.045472 0.191548
1 0.384889 0.471690 0.022416 0.106316
2 0.568916 0.400022 0.025634 0.134967
3 0.270148 0.585884 0.033677 0.158981
3 0.566999 0.555611 0.032837 0.168817
1 0.368226 0.489209 0.026235 0.111990
1 0.429403 0.496422 0.024218 0.123806
3 0.439854 0.529700 0.024582 0.125888
3 0.549732 0.542658 0.021170 0.149539
3 0.445102 0.565419 0.030708 0.192703
