3 0.385089 0.593676 0.037427 0.152109
3 0.386203 0.562959 0.039187 0.212058
1 0.319737 0.521316 0.024845 0.141325
1 0.355223 0.507238 0.026623 0.124405
3 0.273885 0.565351 0.038757 0.159938
3 0.348532 0.610511 0.036268 0.183479
2 0.572900 0.400190 0.039610 0.138494
1 0.227976 0.505202 0.034819 0.123883
3 0.388596 0.521719 0.040696 0.120318
1 0.302822 0.480863 0.026311 0.118827
3 0.575010 0.550017 0.030844 0.144708
1 0.156267 0.492420 0.024318 0.114852
3 0.529485 0.559606 0.040418 0.165641
1 0.349191 0.502548 0.028901 0.121963
