1 0.327187 0.523192 0.031216 0.151158
1 0.292612 0.528454 0.028219 0.128219
1 0.405715 0.506789 0.028067 0.126732
3 0.430883 0.592493 0.035182 0.183410
3 0.563755 0.561248 0.029186 0.150200
3 0.677218 0.569246 0.035540 0.181204
3 0.464896 0.548458 0.030364 0.161155
3 0.271514 0.596541 0.032297 0.164185
1 0.185553 0.487823 0.030664 0.122250
2 0.567470 0.400428 0.027507 0.137105
1 0.361942 0.487093 0.032227 0.114766
1 0.291576 0.502533 0.029966 0.171533
1 0.290557 0.481815 0.028883 0.125199
3 0.443588 0.548656 0.025924 0.154854
