1 0.325728 0.517186 0.033363 0.147771
1 0.289772 0.530628 0.026830 0.134828
3 0.441086 0.557960 0.036375 0.143860
3 0.607405 0.565888 0.040447 0.148328
3 0.416808 0.615464 0.035532 0.207775
3 0.500192 0.593289 0.045810 0.170397
3 0.471066 0.546442 0.028835 0.154917
2 0.566514 0.399596 0.028274 0.133407
3 0.273167 0.603406 0.044205 0.165845
1 0.387094 0.510793 0.027192 0.138733
1 0.118182 0.471529 0.022357 0.101576
1 0.276139 0.470778 0.022803 0.105211
1 0.381724 0.502168 0.032401 0.137054
1 0.375810 0.489300 0.025285 0.115702
1 0.282141 0.502089 0.026225 0.117327
