1 0.377706 0.479421 0.026393 0.119101
1 0.431922 0.507089 0.026230 0.130351
1 0.231045 0.496226 0.027473 0.124733
3 0.473593 0.525852 0.029597 0.150418
3 0.449129 0.586106 0.041583 0.167199
3 0.474273 0.551354 0.032403 0.109634
3 0.343380 0.557508 0.034828 0.165528
3 0.564510 0.612439 0.053989 0.168532
3 0.285338 0.565561 0.028703 0.148204
2 0.565121 0.399624 0.030409 0.136359
1 0.362415 0.513637 0.028466 0.147899
1 0.356491 0.515457 0.029106 0.144591
1 0.405216 0.504896 0.028854 0.081194
3 0.476464 0.565138 0.029438 0.081771
