3 0.426061 0.592247 0.039332 0.185534
1 0.279183 0.517989 0.038280 0.139463
3 0.470962 0.583874 0.032168 0.163161
1 0.226354 0.515428 0.029524 0.118418
3 0.219139 0.620054 0.032263 0.172742
3 0.177134 0.639500 0.052809 0.208318
3 0.382303 0.581782 0.039650 0.177351
2 0.566944 0.399105 0.028119 0.135162
1 0.191133 0.525543 0.028450 0.142477
1 0.114340 0.488564 0.025337 0.118297
1 0.165438 0.526688 0.028687 0.124871
3 0.357225 0.576502 0.026764 0.170653
1 0.193914 0.549075 0.033448 0.195398
1 0.274098 0.498704 0.035279 0.129632
1 0.266459 0.488513 0.024037 0.111444
