1 0.391790 0.514177 0.028627 0.136714
1 0.326237 0.523726 0.034291 0.140606
1 0.246689 0.488239 0.036547 0.113075
3 0.566465 0.579902 0.039723 0.128053
3 0.606728 0.589175 0.046440 0.163053
3 0.277664 0.601596 0.041696 0.158248
1 0.370140 0.488972 0.025029 0.119751
2 0.565588 0.399663 0.028393 0.134948
3 0.422198 0.608859 0.063492 0.181475
1 0.285470 0.531545 0.033532 0.128657
1 0.337060 0.479012 0.024348 0.114171
1 0.333373 0.492378 0.027658 0.115119
3 0.422512 0.531891 0.036778 0.137130
1 0.376886 0.501219 0.022974 0.117743
