3 0.463093 0.556365 0.041688 0.172172
1 0.407203 0.513847 0.028177 0.140794
3 0.432332 0.547722 0.030692 0.152649
3 0.389126 0.614872 0.048085 0.203272
1 0.343403 0.514222 0.032000 0.143179
2 0.566530 0.400382 0.030613 0.136656
3 0.253704 0.588262 0.034190 0.156934
1 0.386381 0.496087 0.022232 0.104954
3 0.553948 0.549280 0.042162 0.164694
1 0.181744 0.481724 0.026224 0.114828
1 0.390356 0.508627 0.027280 0.129055
1 0.396633 0.463278 0.023724 0.100205
1 0.393942 0.490070 0.031308 0.120798
1 0.399278 0.481107 0.026883 0.132763
3 0.564475 0.543730 0.029642 0.161621
