1 0.460548 0.484842 0.025394 0.129780
1 0.392723 0.485216 0.025579 0.102586
3 0.584474 0.602399 0.042811 0.198483
3 0.289826 0.551056 0.039519 0.151811
3 0.482550 0.514239 0.026120 0.138366
3 0.377802 0.625266 0.042558 0.189450
1 0.174194 0.519417 0.023454 0.123592
3 0.806896 0.611517 0.037166 0.194843
1 0.193782 0.517605 0.023998 0.128394
1 0.309007 0.478853 0.025286 0.110549
3 0.246226 0.561728 0.035097 0.153238
1 0.210353 0.494043 0.020556 0.111667
2 0.566587 0.401623 0.030218 0.131699
1 0.189004 0.516939 0.039737 0.132678
