1 0.372213 0.517473 0.028144 0.135589
1 0.319766 0.523982 0.030679 0.143841
3 0.397950 0.606174 0.035832 0.188077
3 0.454376 0.543803 0.030359 0.166845
1 0.126662 0.486119 0.025661 0.104670
3 0.423204 0.552451 0.034731 0.152721
1 0.411366 0.481809 0.025973 0.099208
3 0.269353 0.592633 0.035223 0.164718
1 0.297090 0.528010 0.028922 0.130069
2 0.566520 0.400020 0.028988 0.137219
3 0.578655 0.597229 0.052911 0.179088
1 0.312847 0.518551 0.031340 0.141743
1 0.312772 0.489545 0.024986 0.153406
1 0.315846 0.505725 0.028212 0.182518
