3 0.298389 0.578209 0.043277 0.169344
3 0.610007 0.533637 0.031198 0.157851
1 0.366379 0.516527 0.028150 0.150722
1 0.325923 0.515826 0.025792 0.138642
3 0.420551 0.539913 0.032448 0.155354
1 0.402655 0.477881 0.023221 0.092843
1 0.199435 0.485475 0.025560 0.099027
3 0.580415 0.564209 0.029343 0.171081
2 0.566889 0.400716 0.028837 0.138526
1 0.347790 0.516883 0.022172 0.139043
1 0.311586 0.470236 0.024494 0.101685
3 0.372151 0.691055 0.044142 0.211390
3 0.399391 0.546380 0.027340 0.134280
1 0.360340 0.517790 0.025945 0.143149
1 0.321335 0.507025 0.024933 0.121767
