1 0.305553 0.493797 0.025443 0.124414
3 0.523836 0.565725 0.053148 0.161902
1 0.396183 0.495410 0.029693 0.106014
3 0.274453 0.566600 0.033756 0.153804
1 0.201753 0.533037 0.031467 0.139305
1 0.242261 0.499444 0.027591 0.129476
3 0.348813 0.534000 0.033125 0.151783
3 0.368947 0.601356 0.045314 0.166313
1 0.293795 0.518584 0.021769 0.125300
2 0.565675 0.402516 0.030842 0.142825
3 0.439491 0.519366 0.042713 0.144360
3 0.576081 0.541188 0.026594 0.136788
1 0.301899 0.506576 0.028384 0.148101
0 0.327720 0.260207 0.017900 0.028152
3 0.353153 0.550215 0.036283 0.193049
