1 0.256194 0.501068 0.022502 0.127703
3 0.538461 0.560575 0.032978 0.165634
1 0.379249 0.520060 0.030961 0.136065
1 0.343806 0.492706 0.027509 0.103825
3 0.301411 0.553686 0.027293 0.164102
1 0.270954 0.482339 0.026003 0.106692
3 0.512355 0.575666 0.036480 0.152224
3 0.281593 0.559500 0.029179 0.164184
3 0.468470 0.588031 0.045927 0.164095
1 0.415999 0.499566 0.026326 0.124817
2 0.566748 0.398420 0.030309 0.133263
3 0.401320 0.586468 0.049299 0.166549
3 0.295645 0.552413 0.021776 0.163642
1 0.259874 0.499291 0.024349 0.134755
