1 0.201614 0.525390 0.041784 0.130388
1 0.392692 0.483351 0.023885 0.111591
3 0.657632 0.586967 0.036021 0.199024
3 0.506589 0.569725 0.030438 0.150671
3 0.412431 0.522826 0.031145 0.141270
3 0.428978 0.609321 0.052924 0.201597
1 0.341754 0.501700 0.023159 0.111691
3 0.478747 0.511724 0.026697 0.135747
3 0.262066 0.577956 0.038716 0.148948
1 0.239076 0.502151 0.029109 0.123832
0 0.510810 0.296481 0.019562 0.041154
1 0.325922 0.515553 0.024149 0.129631
2 0.567100 0.398172 0.029456 0.135327
1 0.328959 0.469906 0.022968 0.097745
1 0.328919 0.491218 0.025183 0.141126
