3 0.410609 0.623223 0.047698 0.205618
3 0.590448 0.579633 0.042241 0.137461
1 0.323022 0.518042 0.036682 0.142958
1 0.372298 0.485891 0.024271 0.110972
1 0.279890 0.514340 0.027253 0.091296
3 0.456878 0.542767 0.029448 0.153183
3 0.488221 0.594535 0.042832 0.173939
3 0.440541 0.557514 0.027618 0.143576
3 0.277502 0.604345 0.041505 0.161202
1 0.393290 0.509190 0.026468 0.129852
1 0.278575 0.483240 0.026743 0.131703
2 0.565877 0.398878 0.032571 0.137778
1 0.136697 0.475464 0.032762 0.132418
1 0.384995 0.496081 0.026096 0.118239
