3 0.308786 0.586155 0.039847 0.176489
3 0.378582 0.627567 0.041897 0.178445
1 0.375246 0.510413 0.025257 0.131874
3 0.594174 0.561389 0.040021 0.163873
1 0.301803 0.480624 0.024129 0.106142
3 0.424440 0.555294 0.031450 0.167101
1 0.178072 0.493929 0.027155 0.107837
3 0.533804 0.528206 0.037086 0.135655
2 0.565116 0.400366 0.031001 0.137466
1 0.321646 0.523857 0.027314 0.143732
1 0.354043 0.522939 0.027576 0.126159
1 0.369445 0.495872 0.030169 0.137299
1 0.359853 0.457365 0.024374 0.085992
1 0.358013 0.465880 0.026163 0.107687
3 0.315516 0.578408 0.030615 0.179520
3 0.405665 0.546408 0.021226 0.128898
