1 0.422287 0.516703 0.031308 0.126996
3 0.288142 0.554937 0.036517 0.164871
3 0.347641 0.593139 0.044407 0.178646
1 0.383450 0.493280 0.025794 0.116506
1 0.248917 0.496640 0.038614 0.123512
1 0.318967 0.494213 0.023082 0.102138
1 0.430112 0.497841 0.036278 0.144426
3 0.559692 0.576770 0.033147 0.172260
3 0.457641 0.586487 0.037758 0.163446
2 0.565931 0.400113 0.030924 0.135827
3 0.535787 0.567888 0.029104 0.155459
1 0.435517 0.490507 0.028073 0.138311
1 0.339077 0.519706 0.028202 0.108106
3 0.344319 0.569485 0.039750 0.208132
