3 0.516681 0.576448 0.046014 0.162935
3 0.607688 0.566194 0.033266 0.154368
1 0.418200 0.503828 0.027277 0.124568
3 0.351409 0.620784 0.051374 0.145080
3 0.383186 0.536497 0.036026 0.137990
1 0.293251 0.535513 0.027638 0.139248
2 0.565561 0.399794 0.030980 0.138225
3 0.491277 0.513263 0.027389 0.142803
1 0.366196 0.484035 0.024237 0.123100
3 0.274064 0.561634 0.038024 0.150380
1 0.273673 0.484906 0.029428 0.098705
1 0.155232 0.519168 0.028300 0.106251
1 0.386839 0.483541 0.020785 0.091551
1 0.281802 0.513744 0.034501 0.151401
