0 0.218752 0.283941 0.023801 0.041211
1 0.309854 0.531858 0.026442 0.141093
3 0.388509 0.574209 0.046482 0.177402
1 0.210537 0.496924 0.029696 0.119176
3 0.452607 0.523634 0.027958 0.135010
3 0.335002 0.607257 0.039308 0.190663
1 0.360110 0.490674 0.027297 0.131488
1 0.428974 0.508127 0.025662 0.129473
3 0.469174 0.592533 0.055663 0.106769
2 0.565391 0.400593 0.030664 0.138239
3 0.604862 0.543661 0.033859 0.143896
1 0.363450 0.511959 0.026312 0.139171
1 0.367114 0.493494 0.030627 0.137282
1 0.365584 0.472763 0.034776 0.101683
3 0.469408 0.572325 0.057400 0.134279
