3 0.400269 0.538416 0.026391 0.129086
0 0.592972 0.641897 0.021142 0.034014
3 0.320945 0.589181 0.047470 0.179546
3 0.349977 0.535191 0.035984 0.149032
1 0.229562 0.518106 0.031556 0.143451
3 0.434550 0.560841 0.028906 0.168126
1 0.279028 0.496326 0.026599 0.105573
1 0.255486 0.502536 0.025684 0.122313
3 0.443933 0.519679 0.028325 0.138140
2 0.568153 0.398710 0.027114 0.134980
1 0.397834 0.471659 0.025592 0.095835
1 0.321402 0.471747 0.024628 0.105615
3 0.877479 0.626770 0.044388 0.209866
3 0.439939 0.540818 0.031546 0.170029
