1 0.322144 0.520877 0.030272 0.148696
3 0.440133 0.530666 0.043126 0.134466
3 0.605050 0.563262 0.036976 0.152520
3 0.493699 0.590383 0.046867 0.180136
1 0.235482 0.501404 0.031953 0.131287
1 0.393258 0.510826 0.026221 0.127949
2 0.565609 0.399797 0.029546 0.136277
3 0.407650 0.530576 0.025169 0.122855
1 0.346071 0.481538 0.028322 0.117640
3 0.361731 0.602600 0.050970 0.146898
1 0.419649 0.486855 0.025187 0.099467
3 0.484025 0.512517 0.036294 0.115818
3 0.488367 0.567956 0.044318 0.235600
1 0.337682 0.502594 0.024061 0.126269
