3 0.380356 0.626559 0.042119 0.178426
1 0.337784 0.520116 0.030827 0.153066
3 0.532104 0.530826 0.026201 0.142282
1 0.314431 0.526595 0.025800 0.127719
3 0.289710 0.588978 0.042550 0.179997
1 0.370817 0.513852 0.027911 0.131438
3 0.407484 0.545687 0.033116 0.156452
3 0.506751 0.576237 0.034564 0.162501
3 0.445063 0.550030 0.035041 0.137367
1 0.279933 0.481845 0.029415 0.108682
2 0.564312 0.398939 0.029897 0.136193
1 0.180718 0.495456 0.026057 0.109519
1 0.391669 0.467243 0.025132 0.105394
0 0.374470 0.329817 0.016942 0.034428
