1 0.300651 0.521873 0.027202 0.122936
3 0.274646 0.560500 0.031635 0.148367
1 0.392126 0.509245 0.029738 0.131252
1 0.317997 0.490575 0.026250 0.118790
3 0.567174 0.552734 0.033058 0.170428
3 0.301311 0.647207 0.045936 0.180913
2 0.567289 0.400906 0.027251 0.138333
1 0.242531 0.526664 0.025918 0.121877
3 0.496057 0.586906 0.059825 0.182636
1 0.243066 0.511038 0.030013 0.154940
3 0.473380 0.512590 0.029524 0.131602
3 0.379926 0.540239 0.027787 0.125254
1 0.458587 0.498379 0.022492 0.132420
3 0.466169 0.506965 0.030881 0.136232
0 0.104977 0.477176 0.025857 0.051491
