1 0.408099 0.502952 0.026349 0.134426
3 0.324339 0.572536 0.033534 0.171478
1 0.233194 0.546440 0.029739 0.132905
1 0.284997 0.533297 0.035916 0.153313
1 0.373237 0.499637 0.029001 0.102714
3 0.577443 0.556602 0.036412 0.152247
3 0.618197 0.528752 0.028348 0.155885
3 0.431456 0.531552 0.031085 0.143751
2 0.565981 0.400213 0.027860 0.136896
1 0.306889 0.482773 0.027770 0.111759
1 0.230175 0.522497 0.029126 0.152682
3 0.260384 0.541738 0.025298 0.140173
1 0.244502 0.530298 0.022615 0.123066
1 0.293960 0.509680 0.025118 0.131888
1 0.312545 0.489495 0.031667 0.101018
1 0.229254 0.503674 0.027007 0.115748
1 0.324733 0.505057 0.028485 0.083878
