1 0.353777 0.523137 0.032661 0.139005
1 0.429065 0.484702 0.024621 0.121091
1 0.373692 0.484429 0.030770 0.116268
3 0.460995 0.584054 0.039108 0.166452
1 0.200119 0.506181 0.030445 0.131618
1 0.295459 0.500562 0.025890 0.104252
3 0.303599 0.608689 0.045732 0.187203
3 0.319917 0.541375 0.032887 0.154078
3 0.414651 0.528800 0.033206 0.146422
2 0.565665 0.398973 0.032337 0.136327
3 0.531939 0.517643 0.026092 0.126447
3 0.666973 0.624801 0.046757 0.220481
1 0.260764 0.508676 0.024497 0.100263
1 0.369366 0.491395 0.027544 0.128605
