3 0.427550 0.529709 0.029815 0.149474
1 0.283864 0.533308 0.029963 0.134467
3 0.377846 0.606278 0.050470 0.188740
1 0.335817 0.516611 0.035318 0.142993
1 0.304053 0.469191 0.024809 0.107952
3 0.607719 0.568528 0.034438 0.163476
1 0.197764 0.490078 0.029926 0.118603
1 0.380384 0.515621 0.031893 0.145521
2 0.565323 0.400740 0.030383 0.138049
3 0.270970 0.594624 0.034797 0.167149
1 0.299433 0.477184 0.021739 0.107433
3 0.480315 0.582911 0.040372 0.193182
3 0.472141 0.552374 0.030180 0.146021
0 0.416751 0.296637 0.021874 0.052917
