1 0.405997 0.513216 0.028644 0.127412
3 0.424559 0.604722 0.035729 0.184373
3 0.448925 0.548924 0.034255 0.158410
3 0.295754 0.577056 0.043076 0.179047
1 0.370630 0.517453 0.027079 0.141177
2 0.562411 0.398616 0.035949 0.136882
1 0.260436 0.496292 0.025116 0.105664
1 0.343213 0.521456 0.031947 0.134981
3 0.606594 0.571807 0.036386 0.152083
3 0.634665 0.597906 0.042368 0.174380
3 0.271413 0.589299 0.030401 0.158321
1 0.117117 0.476473 0.028157 0.108686
3 0.286247 0.579820 0.034067 0.176978
1 0.370368 0.483802 0.023386 0.125179
