1 0.335432 0.501885 0.028152 0.126752
3 0.610213 0.577221 0.035174 0.161490
1 0.435582 0.506881 0.025301 0.127362
1 0.229211 0.496620 0.027875 0.126212
3 0.354153 0.608402 0.038296 0.167419
2 0.565415 0.400293 0.029926 0.136397
3 0.364018 0.546110 0.026819 0.133610
3 0.491264 0.527219 0.043147 0.162208
1 0.413766 0.496338 0.027670 0.122584
3 0.482900 0.602726 0.045008 0.175299
3 0.485844 0.521404 0.033022 0.145585
3 0.378183 0.523933 0.025665 0.149301
3 0.491369 0.564064 0.045060 0.222451
3 0.360854 0.566054 0.029708 0.168470
1 0.028933 0.489978 0.025317 0.104153
3 0.491634 0.602360 0.044511 0.171465
