1 0.375913 0.514029 0.025295 0.130828
3 0.308410 0.581485 0.044739 0.170772
3 0.347924 0.629604 0.037481 0.186157
1 0.338721 0.490193 0.022921 0.112102
3 0.477558 0.576240 0.036967 0.183834
1 0.330634 0.519759 0.028021 0.146591
2 0.567011 0.399285 0.028140 0.137198
1 0.176440 0.489588 0.025054 0.107924
3 0.403138 0.540812 0.026918 0.135600
1 0.358734 0.513393 0.022070 0.126712
1 0.333916 0.503907 0.028735 0.133013
1 0.371634 0.488785 0.030618 0.160732
3 0.489649 0.567642 0.029463 0.181483
1 0.365108 0.511804 0.028844 0.128883
1 0.371966 0.467470 0.027539 0.113920
