1 0.238313 0.497252 0.025399 0.125792
3 0.395681 0.551275 0.032397 0.157382
1 0.261925 0.541693 0.031033 0.137933
1 0.332203 0.511178 0.033714 0.134467
3 0.425990 0.527064 0.032623 0.149699
2 0.564688 0.397017 0.031795 0.131015
3 0.420373 0.528635 0.026315 0.147850
3 0.456194 0.554557 0.033676 0.158636
1 0.399033 0.495634 0.025424 0.123887
1 0.326578 0.497421 0.034517 0.134726
3 0.445725 0.546052 0.027689 0.155646
3 0.438647 0.532903 0.019721 0.144392
3 0.431913 0.533318 0.028365 0.144642
1 0.319067 0.483089 0.021452 0.119126
