3 0.408061 0.527485 0.031322 0.146037
1 0.232475 0.503288 0.030243 0.125013
1 0.189503 0.522156 0.038511 0.144329
3 0.509888 0.568870 0.031877 0.153832
1 0.390420 0.482291 0.025164 0.113247
3 0.253343 0.579288 0.031394 0.149321
3 0.425926 0.609496 0.040333 0.200340
3 0.479926 0.511063 0.024959 0.137239
1 0.307929 0.509588 0.024875 0.110642
2 0.566465 0.399945 0.031070 0.134498
3 0.718990 0.608316 0.063407 0.213820
1 0.335299 0.502338 0.027410 0.110309
1 0.325765 0.488032 0.024428 0.132288
1 0.331429 0.493624 0.030635 0.129718
1 0.321850 0.498504 0.023825 0.124771
0 0.706752 0.473928 0.017164 0.034521
