1 0.231541 0.536305 0.033794 0.154385
1 0.256977 0.522303 0.027936 0.122252
1 0.198517 0.521806 0.030835 0.132979
3 0.424248 0.536507 0.041681 0.153128
3 0.591040 0.577870 0.040200 0.164246
1 0.344647 0.520315 0.030643 0.129521
2 0.568356 0.400635 0.027468 0.138613
3 0.319827 0.626345 0.069735 0.172279
1 0.294281 0.496950 0.026363 0.126026
3 0.270468 0.569945 0.038070 0.158240
1 0.310892 0.499592 0.025000 0.123356
3 0.304881 0.537687 0.028681 0.109899
1 0.242943 0.534983 0.031514 0.147279
3 0.495585 0.621853 0.073576 0.096506
1 0.306446 0.497995 0.027645 0.120707
