2 0.565913 0.398594 0.029841 0.134595
3 0.177927 0.653780 0.031511 0.210882
3 0.212485 0.649183 0.042645 0.195014
1 0.092281 0.528221 0.025950 0.135863
3 0.137446 0.654258 0.039524 0.221458
1 0.073810 0.522075 0.025543 0.141027
1 0.015437 0.540468 0.029502 0.140825
1 0.045290 0.525982 0.025980 0.143772
3 0.169793 0.652326 0.034961 0.215050
1 0.010708 0.543666 0.021416 0.134377
1 0.053510 0.533270 0.025991 0.130883
1 0.021126 0.537319 0.028772 0.145810
1 0.079705 0.528450 0.027614 0.138444
1 0.031899 0.535576 0.025616 0.151084
