1 0.332108 0.527722 0.028180 0.142114
3 0.460335 0.556161 0.036854 0.163287
3 0.596445 0.580764 0.055558 0.182747
1 0.355158 0.503169 0.027170 0.111921
1 0.394061 0.483054 0.026012 0.124891
3 0.285724 0.590907 0.041279 0.184129
2 0.567117 0.399851 0.027894 0.136688
3 0.895529 0.596814 0.080546 0.169456
3 0.403032 0.612095 0.038446 0.179649
3 0.417210 0.520322 0.030923 0.144452
1 0.325610 0.476914 0.025918 0.106968
1 0.349451 0.509014 0.023837 0.123489
1 0.328941 0.511481 0.029339 0.169524
1 0.168975 0.455739 0.034811 0.098078
