1 0.400297 0.498244 0.029324 0.115707
1 0.366854 0.509332 0.029741 0.138629
1 0.299075 0.530767 0.025724 0.132491
3 0.406905 0.581839 0.030384 0.169594
3 0.430443 0.552063 0.025981 0.156251
3 0.453752 0.564409 0.030624 0.165963
2 0.566498 0.398859 0.031328 0.136931
3 0.543460 0.570500 0.036389 0.153688
1 0.374538 0.469410 0.025809 0.108237
3 0.242083 0.591027 0.037883 0.160066
1 0.315031 0.492627 0.022148 0.102505
1 0.312584 0.506239 0.023457 0.126289
3 0.416082 0.569105 0.019000 0.166249
1 0.160991 0.482715 0.033302 0.116431
1 0.371938 0.480581 0.029094 0.129303
