1 0.327918 0.526532 0.031337 0.144767
0 0.265941 0.772707 0.025066 0.052707
3 0.481502 0.549381 0.027534 0.136007
3 0.568006 0.532260 0.028467 0.147636
3 0.454157 0.592782 0.038096 0.182405
3 0.279009 0.592503 0.043238 0.191499
3 0.241029 0.598183 0.040822 0.183548
3 0.595110 0.572569 0.030256 0.160428
1 0.403185 0.512505 0.033237 0.140392
2 0.565884 0.399897 0.031160 0.133348
1 0.351634 0.496650 0.024430 0.106023
1 0.394866 0.512925 0.027547 0.139307
1 0.280432 0.464428 0.025250 0.100131
1 0.276743 0.482674 0.027539 0.101650
