1 0.397356 0.524047 0.028352 0.114141
1 0.209798 0.511181 0.032519 0.134746
1 0.414631 0.505102 0.023179 0.124029
1 0.382369 0.489054 0.027342 0.116700
1 0.262867 0.494438 0.028165 0.120126
3 0.624084 0.588564 0.041816 0.199711
3 0.438968 0.591908 0.048947 0.156642
2 0.565723 0.399495 0.030554 0.135423
1 0.403947 0.514677 0.035333 0.139687
3 0.326886 0.614511 0.045027 0.196131
3 0.522901 0.518619 0.027039 0.125422
1 0.385738 0.497731 0.030035 0.132856
3 0.309688 0.540548 0.036318 0.157779
3 0.429662 0.514988 0.027863 0.107133
0 0.366144 0.346822 0.018341 0.026135
