3 0.545801 0.590982 0.041372 0.189685
3 0.360460 0.614473 0.038202 0.175889
1 0.250946 0.497322 0.026867 0.128499
1 0.380104 0.491368 0.027617 0.096783
1 0.202513 0.515730 0.024740 0.128021
0 0.513602 0.297149 0.021155 0.038523
1 0.309372 0.497133 0.030108 0.098795
3 0.736167 0.596357 0.055191 0.168219
1 0.451159 0.481743 0.029048 0.126525
1 0.225164 0.528539 0.026277 0.127990
3 0.353514 0.519056 0.028207 0.110900
2 0.569208 0.399076 0.028428 0.137196
3 0.292541 0.545450 0.036515 0.159324
3 0.504635 0.514731 0.024898 0.134794
