1 0.309447 0.523000 0.031596 0.140589
1 0.250641 0.492862 0.028854 0.124272
1 0.331302 0.477823 0.026807 0.108695
3 0.483655 0.608047 0.046316 0.172900
3 0.581253 0.582034 0.060790 0.168591
1 0.230144 0.522231 0.032336 0.127321
3 0.442528 0.561833 0.035555 0.153415
1 0.360078 0.518475 0.034763 0.140558
1 0.435455 0.482612 0.025081 0.104542
3 0.451251 0.516187 0.025896 0.144245
3 0.639594 0.552783 0.032191 0.138086
2 0.565875 0.400921 0.029216 0.138717
3 0.332738 0.607389 0.063366 0.149120
1 0.315289 0.520037 0.030521 0.146540
3 0.446016 0.546432 0.034102 0.183228
1 0.242056 0.499471 0.027311 0.126864
