3 0.617764 0.579823 0.038608 0.183306
3 0.332554 0.599328 0.055114 0.188184
3 0.485261 0.558284 0.031599 0.162404
1 0.383970 0.515046 0.030702 0.139118
1 0.415247 0.490331 0.023490 0.106201
3 0.462863 0.618006 0.037838 0.182132
1 0.218266 0.523848 0.033342 0.130530
1 0.253970 0.485894 0.030289 0.119895
2 0.562553 0.399756 0.035780 0.139196
3 0.651260 0.546770 0.028958 0.144437
1 0.317103 0.505691 0.028511 0.107469
3 0.441524 0.519687 0.028254 0.140815
1 0.313432 0.471773 0.028461 0.125833
1 0.310843 0.453292 0.026767 0.093472
