1 0.352116 0.518368 0.039811 0.143330
3 0.414552 0.550295 0.027870 0.129592
3 0.318207 0.582264 0.039882 0.167886
1 0.404428 0.476899 0.021458 0.091209
3 0.464290 0.570106 0.029524 0.163361
1 0.256882 0.535444 0.030405 0.152285
3 0.438213 0.568102 0.030572 0.174461
3 0.521101 0.517663 0.026459 0.137624
2 0.565272 0.398290 0.032344 0.132996
1 0.222856 0.488301 0.023816 0.098682
1 0.315062 0.470067 0.024678 0.106767
1 0.422477 0.499060 0.024008 0.097097
3 0.318445 0.733046 0.050772 0.216124
3 0.419974 0.525600 0.025129 0.150267
