1 0.243975 0.510970 0.025408 0.131219
3 0.605039 0.559460 0.037382 0.175677
3 0.389709 0.576181 0.035259 0.166936
2 0.566043 0.400445 0.031847 0.136288
1 0.371323 0.488346 0.026997 0.116604
3 0.496235 0.583151 0.045115 0.168056
3 0.577426 0.581785 0.028893 0.162534
3 0.421606 0.585684 0.038689 0.159391
1 0.318934 0.499721 0.029801 0.114691
1 0.226326 0.499552 0.022228 0.118505
1 0.341198 0.479975 0.027009 0.121825
3 0.477105 0.536258 0.030394 0.143853
1 0.381164 0.490278 0.028230 0.107997
3 0.490083 0.572529 0.049472 0.183297
1 0.386692 0.486178 0.023755 0.093980
