1 0.419864 0.472983 0.026978 0.111385
3 0.439017 0.562136 0.038952 0.161502
3 0.308823 0.584766 0.039473 0.183701
1 0.474122 0.487350 0.032502 0.112982
2 0.564677 0.399073 0.031298 0.136511
3 0.545157 0.547937 0.033533 0.145451
3 0.343874 0.555303 0.033520 0.137327
3 0.603722 0.572030 0.051347 0.172195
1 0.334518 0.481405 0.029499 0.112662
1 0.132126 0.521546 0.029443 0.111057
1 0.321084 0.512429 0.027193 0.115841
1 0.324127 0.496812 0.026127 0.119366
1 0.431584 0.498321 0.026685 0.094584
3 0.436814 0.538404 0.033447 0.174390
0 0.329243 0.352751 0.017909 0.026881
1 0.137297 0.515745 0.033937 0.106570
3 0.436669 0.506002 0.032730 0.106640
