3 0.312901 0.572743 0.038598 0.173355
1 0.331636 0.513471 0.029343 0.132144
3 0.352526 0.610990 0.038807 0.188178
1 0.239475 0.513120 0.026468 0.127289
3 0.530266 0.556242 0.031873 0.161848
1 0.354740 0.503919 0.026744 0.109847
3 0.399801 0.601401 0.064605 0.139974
2 0.564668 0.400448 0.032386 0.138097
3 0.556284 0.532795 0.032139 0.138144
1 0.337042 0.504574 0.021677 0.122122
3 0.402923 0.535785 0.032300 0.150056
3 0.403889 0.546497 0.040724 0.175294
3 0.404857 0.562682 0.053060 0.217633
1 0.338925 0.487938 0.021228 0.106258
