1 0.346000 0.520483 0.034115 0.144657
1 0.393186 0.513536 0.031559 0.141748
3 0.445047 0.541772 0.025193 0.161242
3 0.578745 0.541273 0.030393 0.142126
0 0.465554 0.253365 0.018191 0.044734
3 0.476390 0.580742 0.031893 0.171577
3 0.453775 0.572949 0.026874 0.162184
1 0.277797 0.510386 0.030806 0.092571
1 0.207613 0.500196 0.025487 0.125098
2 0.566522 0.401652 0.030550 0.138902
1 0.323075 0.471535 0.021670 0.106261
3 0.284216 0.576649 0.035045 0.139277
3 0.455465 0.535036 0.024749 0.148259
3 0.438801 0.530671 0.027501 0.141641
