1 0.297110 0.527904 0.028025 0.140965
1 0.194220 0.531037 0.039819 0.142826
3 0.497943 0.596090 0.048800 0.181015
1 0.304787 0.484219 0.026056 0.115282
3 0.323153 0.579622 0.034199 0.174989
3 0.609562 0.555803 0.032741 0.146453
3 0.449040 0.528391 0.029948 0.144366
3 0.404114 0.528960 0.040580 0.144311
1 0.229960 0.515797 0.032405 0.126294
3 0.266810 0.577664 0.034744 0.144698
1 0.341002 0.507847 0.025961 0.116677
2 0.565993 0.399838 0.029802 0.136265
1 0.463142 0.492715 0.028377 0.114573
1 0.301209 0.515197 0.029236 0.140472
