3 0.337489 0.585785 0.036864 0.178979
1 0.394202 0.483661 0.024544 0.105052
3 0.502078 0.583247 0.038809 0.182752
2 0.563253 0.397497 0.035023 0.137322
3 0.418844 0.538078 0.030913 0.130831
3 0.456834 0.515389 0.030142 0.140082
1 0.277580 0.500192 0.032945 0.122908
1 0.244037 0.497487 0.025272 0.122202
3 0.369219 0.534291 0.027787 0.151007
3 0.736206 0.585625 0.055157 0.172970
1 0.327632 0.491351 0.024438 0.095760
1 0.353403 0.468377 0.024282 0.104362
1 0.375318 0.517703 0.022024 0.131831
1 0.389441 0.489134 0.027823 0.106893
1 0.371546 0.529025 0.028083 0.144782
