3 0.428997 0.595235 0.051110 0.183938
1 0.377970 0.492988 0.022796 0.118894
3 0.263374 0.590428 0.044834 0.180382
1 0.398601 0.516521 0.025434 0.136652
3 0.306937 0.587964 0.041811 0.185471
1 0.214407 0.507743 0.027105 0.132083
3 0.574145 0.532232 0.036369 0.142176
2 0.565286 0.398879 0.033208 0.138378
1 0.349579 0.519961 0.031334 0.145044
1 0.278714 0.445702 0.025890 0.120706
3 0.535674 0.587601 0.050193 0.146872
1 0.359441 0.519597 0.035421 0.147394
3 0.530977 0.570324 0.040237 0.176530
1 0.372419 0.512094 0.023977 0.143669
3 0.528577 0.538818 0.029348 0.122916
