3 0.493582 0.585224 0.037657 0.157842
1 0.362880 0.516505 0.027904 0.106325
3 0.569047 0.532324 0.031048 0.149731
1 0.387983 0.508491 0.031838 0.130623
3 0.402980 0.605657 0.057857 0.179779
1 0.180092 0.518761 0.030650 0.120520
1 0.435473 0.501703 0.029193 0.131359
1 0.232254 0.486391 0.026631 0.112905
3 0.421667 0.566015 0.031182 0.150808
1 0.247175 0.476728 0.023163 0.114020
2 0.564782 0.399633 0.031094 0.134726
3 0.482619 0.517246 0.030925 0.134736
0 0.401035 0.265825 0.018997 0.043960
3 0.269233 0.590636 0.040568 0.158196
