1 0.344803 0.519936 0.039689 0.144723
1 0.227003 0.501026 0.028012 0.126434
3 0.411213 0.575584 0.032581 0.146272
3 0.527809 0.571574 0.035586 0.173645
1 0.283935 0.537994 0.025483 0.142145
1 0.306526 0.478034 0.026666 0.114131
3 0.439952 0.537709 0.033003 0.150039
3 0.299668 0.579534 0.034962 0.136280
2 0.566387 0.399434 0.027825 0.135196
3 0.434121 0.542823 0.029790 0.155611
1 0.384926 0.494908 0.025064 0.106959
3 0.701793 0.522431 0.032111 0.129507
3 0.448209 0.523358 0.028038 0.156321
0 0.465094 0.276116 0.018492 0.032371
