3 0.271510 0.590900 0.040276 0.182272
3 0.414358 0.537346 0.027493 0.132437
3 0.516271 0.576253 0.037676 0.176124
1 0.380549 0.466216 0.025836 0.098993
2 0.566019 0.398913 0.030928 0.136201
1 0.342598 0.496647 0.024091 0.120668
3 0.592679 0.568432 0.034381 0.161918
3 0.527743 0.521690 0.025076 0.140933
3 0.315085 0.590192 0.052960 0.178933
1 0.351838 0.481626 0.025300 0.112164
1 0.285606 0.460720 0.023559 0.100013
1 0.318098 0.493818 0.029819 0.109599
1 0.337476 0.498950 0.026210 0.118412
1 0.332845 0.494732 0.030024 0.115874
