1 0.326391 0.521378 0.031080 0.135657
3 0.366534 0.596590 0.040450 0.187546
1 0.392788 0.515218 0.026987 0.143108
1 0.249144 0.526520 0.026534 0.130675
3 0.454773 0.539775 0.027666 0.142930
2 0.572892 0.400002 0.037333 0.136561
3 0.284902 0.570421 0.034438 0.150317
1 0.419548 0.507888 0.026921 0.137685
3 0.498526 0.591354 0.041885 0.160578
1 0.364366 0.473311 0.023363 0.109998
1 0.442281 0.493586 0.023731 0.119029
3 0.500345 0.558906 0.038113 0.216345
3 0.501361 0.514506 0.029709 0.121134
1 0.417204 0.539908 0.033628 0.203634
3 0.413579 0.551805 0.039799 0.180936
1 0.424849 0.494972 0.028313 0.125259
