1 0.231598 0.529717 0.038081 0.143387
1 0.427678 0.503946 0.024248 0.120975
1 0.399801 0.497069 0.023714 0.113248
3 0.596486 0.542384 0.031640 0.143685
3 0.374266 0.527709 0.028545 0.141166
3 0.290700 0.578084 0.042265 0.163947
3 0.544865 0.574921 0.040130 0.162703
3 0.406749 0.614362 0.060673 0.149084
1 0.254543 0.499785 0.027626 0.135804
3 0.452605 0.524436 0.028392 0.124324
1 0.331643 0.513774 0.030173 0.126652
1 0.305200 0.488889 0.025751 0.116765
2 0.565596 0.400184 0.030923 0.137926
1 0.249338 0.508307 0.021927 0.135244
