1 0.282082 0.532517 0.025845 0.126772
1 0.444961 0.504086 0.026721 0.128176
3 0.400989 0.606835 0.040780 0.169556
3 0.249637 0.572174 0.037330 0.155426
1 0.260386 0.515460 0.026840 0.132157
3 0.503860 0.527022 0.033258 0.144783
1 0.382376 0.500840 0.029650 0.114563
3 0.315897 0.545192 0.029932 0.155374
2 0.565884 0.401290 0.030203 0.139246
3 0.579278 0.565499 0.034301 0.159760
3 0.430127 0.561769 0.023160 0.143557
1 0.302197 0.486000 0.026887 0.131690
1 0.325865 0.512434 0.028036 0.132128
1 0.287930 0.519724 0.036447 0.151849
