3 0.589161 0.535838 0.025814 0.132889
1 0.428706 0.476143 0.023713 0.119030
3 0.320669 0.604095 0.038065 0.177907
3 0.412271 0.617438 0.039965 0.194312
3 0.459628 0.595697 0.045602 0.135900
1 0.376163 0.518388 0.026897 0.147927
3 0.546228 0.552936 0.033790 0.163185
2 0.564535 0.399404 0.032200 0.135842
1 0.319625 0.476903 0.027146 0.110331
3 0.397417 0.513458 0.023028 0.119363
1 0.253873 0.520519 0.025456 0.119602
1 0.417657 0.507179 0.025578 0.108733
1 0.145492 0.492560 0.028397 0.105358
1 0.396390 0.507701 0.022353 0.112954
