1 0.334005 0.515217 0.027266 0.127637
1 0.364844 0.486397 0.023064 0.102600
3 0.281666 0.572546 0.039006 0.172334
3 0.353031 0.614106 0.047327 0.192135
1 0.248905 0.506278 0.031701 0.141281
0 0.263999 0.349336 0.018703 0.033762
1 0.427413 0.482977 0.029756 0.112564
3 0.447721 0.586115 0.036406 0.164486
3 0.581570 0.531810 0.027469 0.134905
3 0.405038 0.531291 0.035363 0.147821
1 0.423048 0.479468 0.025200 0.110095
2 0.564829 0.399486 0.030572 0.135710
3 0.626554 0.590007 0.043978 0.183653
1 0.243077 0.506752 0.035212 0.143021
1 0.432015 0.481972 0.022403 0.108700
1 0.338375 0.501324 0.028623 0.110121
