3 0.429822 0.623688 0.050482 0.205783
1 0.338791 0.483664 0.026930 0.122313
1 0.195863 0.519682 0.037788 0.138520
3 0.704796 0.606272 0.054013 0.206604
3 0.270884 0.584693 0.035721 0.150481
1 0.385161 0.490824 0.029420 0.101653
3 0.366155 0.534272 0.037714 0.144313
3 0.503450 0.588992 0.039053 0.166162
1 0.240519 0.500758 0.029754 0.117388
2 0.565445 0.399848 0.029857 0.133778
1 0.286643 0.513488 0.022095 0.104296
1 0.314266 0.510197 0.030421 0.100067
1 0.307293 0.506459 0.033273 0.105646
1 0.293243 0.509663 0.029086 0.107198
3 0.420809 0.508250 0.026954 0.110968
