1 0.293082 0.532016 0.033232 0.135861
3 0.607180 0.574228 0.043126 0.153585
1 0.335618 0.518030 0.035530 0.144040
1 0.305872 0.476045 0.025591 0.117753
3 0.277401 0.597776 0.045854 0.160618
3 0.389345 0.601270 0.045592 0.187817
2 0.565773 0.399710 0.029130 0.136899
3 0.466407 0.552126 0.035281 0.158980
1 0.381825 0.497326 0.029288 0.106285
3 0.496402 0.592499 0.056047 0.162706
1 0.297724 0.516201 0.032649 0.161626
1 0.376973 0.487492 0.026871 0.100611
1 0.372615 0.477855 0.023871 0.092177
1 0.147777 0.462737 0.027472 0.137950
1 0.367459 0.471375 0.021547 0.091874
1 0.223807 0.469951 0.026936 0.078275
