1 0.327282 0.531925 0.026652 0.134920
3 0.461678 0.580840 0.035748 0.175783
3 0.305956 0.603931 0.039673 0.190837
1 0.296452 0.499395 0.026381 0.107595
3 0.393867 0.539859 0.029519 0.132615
3 0.787874 0.608475 0.033499 0.191397
3 0.353226 0.532809 0.028852 0.147025
2 0.567839 0.400137 0.027190 0.135074
3 0.445078 0.517226 0.030655 0.130969
1 0.219125 0.518598 0.031143 0.150589
1 0.384412 0.481387 0.026244 0.098847
1 0.318473 0.474631 0.026883 0.121549
3 0.313211 0.600609 0.032477 0.193579
1 0.322439 0.520934 0.028000 0.135830
