1 0.339681 0.523446 0.029017 0.145877
3 0.460053 0.553299 0.030017 0.157394
3 0.286014 0.591532 0.045226 0.179395
1 0.376383 0.512151 0.027761 0.135560
3 0.601247 0.580173 0.044480 0.183665
1 0.265707 0.520689 0.024985 0.121602
3 0.698049 0.562978 0.033903 0.156291
2 0.567288 0.400011 0.026962 0.137100
3 0.410799 0.615485 0.038799 0.182409
1 0.433702 0.484319 0.026218 0.126758
1 0.282131 0.495088 0.027378 0.100576
1 0.279968 0.462280 0.026756 0.111454
3 0.442252 0.517779 0.022348 0.135985
1 0.438188 0.503365 0.028526 0.154460
