1 0.231712 0.520350 0.029315 0.129003
1 0.282390 0.523047 0.029905 0.151665
3 0.376415 0.580054 0.033833 0.172659
1 0.440091 0.484948 0.026444 0.108748
3 0.630607 0.551817 0.032383 0.141716
3 0.488012 0.581986 0.033335 0.177253
1 0.256822 0.488908 0.024350 0.119290
2 0.567658 0.398991 0.027358 0.134929
3 0.464084 0.576304 0.033655 0.194530
1 0.381891 0.503074 0.029653 0.129414
3 0.337433 0.626046 0.055377 0.186431
3 0.464795 0.535503 0.030175 0.145277
1 0.273980 0.496845 0.027588 0.117564
1 0.265045 0.491038 0.029042 0.114428
