1 0.316838 0.527153 0.028876 0.143186
1 0.416557 0.490751 0.025918 0.110109
1 0.378316 0.511348 0.026553 0.137672
3 0.340581 0.600076 0.040542 0.181953
1 0.239805 0.517351 0.039950 0.126774
3 0.543295 0.574000 0.041704 0.167176
3 0.457745 0.556402 0.031070 0.152160
3 0.646215 0.561938 0.036691 0.140169
2 0.567405 0.399510 0.028104 0.136479
3 0.444705 0.517859 0.027032 0.142990
1 0.339492 0.474865 0.025898 0.108378
3 0.489407 0.603705 0.049119 0.173327
1 0.311366 0.492302 0.031380 0.124693
1 0.307113 0.486048 0.025733 0.120334
