1 0.327814 0.532762 0.030114 0.140224
3 0.396453 0.621149 0.047105 0.203905
0 0.555554 0.970646 0.026378 0.054767
3 0.276302 0.593458 0.048459 0.188359
1 0.380743 0.478658 0.029096 0.120281
1 0.195455 0.510436 0.028137 0.136287
1 0.255571 0.504143 0.028671 0.120089
1 0.225425 0.497013 0.027968 0.118019
2 0.565444 0.398568 0.033007 0.134691
3 0.686959 0.599182 0.037998 0.177095
1 0.312770 0.472488 0.025152 0.107420
3 0.520106 0.516373 0.028523 0.133590
3 0.376094 0.533339 0.026785 0.118736
1 0.261229 0.518669 0.031969 0.095629
