3 0.312125 0.570958 0.036486 0.166783
1 0.356966 0.515660 0.029764 0.145025
3 0.404728 0.601209 0.041355 0.177295
3 0.597932 0.577333 0.036831 0.141637
1 0.413561 0.488233 0.023186 0.109543
3 0.272707 0.588289 0.035631 0.156271
1 0.327735 0.487962 0.026076 0.145417
3 0.455101 0.556289 0.034931 0.141620
1 0.328566 0.526150 0.023974 0.135847
1 0.397785 0.511465 0.023527 0.117817
2 0.565521 0.400524 0.031066 0.137870
3 0.566848 0.605140 0.050869 0.164061
1 0.403054 0.500541 0.028454 0.106944
0 0.140449 0.344444 0.018512 0.028180
1 0.147647 0.451621 0.030170 0.104459
