1 0.335706 0.515342 0.031945 0.141663
1 0.298363 0.484922 0.027141 0.109962
3 0.442785 0.589572 0.059558 0.181092
3 0.487610 0.524227 0.029050 0.141303
1 0.225505 0.494422 0.037545 0.122852
3 0.384989 0.562054 0.037026 0.160693
3 0.515666 0.590704 0.041492 0.147506
1 0.404889 0.488839 0.023904 0.105450
2 0.566000 0.399688 0.029942 0.136560
1 0.429002 0.485317 0.024555 0.102140
1 0.287114 0.507999 0.021129 0.113116
1 0.294673 0.493484 0.031526 0.122835
3 0.364905 0.529979 0.022645 0.139530
3 0.302274 0.568360 0.038308 0.136376
1 0.302418 0.566471 0.038468 0.134526
