1 0.245173 0.495692 0.031863 0.114456
3 0.364494 0.534832 0.032132 0.144536
1 0.218085 0.519511 0.030322 0.143227
3 0.272036 0.583910 0.035466 0.157339
3 0.447500 0.632735 0.040126 0.202713
1 0.342691 0.475375 0.028673 0.116601
1 0.401740 0.478626 0.025558 0.110988
1 0.303233 0.497292 0.023478 0.116823
1 0.318403 0.503099 0.022914 0.108299
3 0.488796 0.599697 0.043888 0.172756
2 0.567618 0.399611 0.027571 0.134752
3 0.752355 0.618678 0.072140 0.218146
3 0.432270 0.522479 0.026460 0.133829
1 0.115943 0.462780 0.024475 0.084737
