1 0.105566 0.525274 0.024231 0.131851
1 0.119628 0.535147 0.024339 0.132561
3 0.294782 0.601057 0.037361 0.195003
1 0.141805 0.531503 0.028436 0.129773
1 0.178972 0.502041 0.032088 0.131314
2 0.566475 0.398975 0.029580 0.134636
3 0.376885 0.623908 0.053249 0.200780
1 0.027904 0.541858 0.025017 0.134279
3 0.306000 0.593992 0.039525 0.187160
3 0.243031 0.644639 0.049751 0.220195
1 0.020429 0.541942 0.034455 0.132627
1 0.084069 0.496605 0.026927 0.116929
3 0.288661 0.605716 0.037436 0.194733
1 0.111267 0.528598 0.028754 0.132755
1 0.045217 0.541841 0.028418 0.132689
