1 0.377155 0.493844 0.025391 0.107162
3 0.612741 0.575967 0.033415 0.182873
1 0.327442 0.522141 0.032253 0.143957
3 0.416798 0.554642 0.036170 0.156518
3 0.277061 0.590110 0.035078 0.155668
3 0.392351 0.605151 0.036379 0.188020
1 0.273210 0.490403 0.025757 0.104389
2 0.565298 0.400607 0.030269 0.137259
1 0.330182 0.481681 0.028150 0.119476
1 0.263261 0.526979 0.024695 0.104272
3 0.578839 0.574660 0.038054 0.141467
1 0.397406 0.497878 0.025078 0.099002
0 0.433283 0.251289 0.020836 0.033051
1 0.332114 0.466347 0.025924 0.087230
1 0.266040 0.516624 0.026562 0.089581
