3 0.287243 0.592633 0.044149 0.154841
1 0.267510 0.507922 0.027944 0.137356
1 0.408529 0.507622 0.028960 0.116595
1 0.365344 0.515752 0.032126 0.143321
1 0.341151 0.506206 0.026017 0.127555
3 0.616202 0.559605 0.026540 0.153185
3 0.308295 0.547849 0.029621 0.145191
3 0.537306 0.586122 0.046704 0.168466
2 0.565487 0.398856 0.030460 0.136348
3 0.230134 0.564857 0.029182 0.160762
1 0.279308 0.512315 0.027136 0.113554
3 0.528482 0.511479 0.027012 0.123360
1 0.275460 0.497942 0.030053 0.113322
1 0.230202 0.510733 0.028900 0.108871
