1 0.312229 0.521605 0.026147 0.141011
3 0.333018 0.599558 0.065316 0.167878
1 0.435354 0.479537 0.024819 0.100453
3 0.595594 0.576953 0.049950 0.170309
3 0.453923 0.503549 0.025449 0.116989
3 0.464196 0.619632 0.067230 0.151065
3 0.438575 0.564868 0.037174 0.148576
2 0.565198 0.400837 0.031554 0.139691
1 0.358603 0.517491 0.032354 0.139984
1 0.239434 0.516963 0.028381 0.142135
3 0.640290 0.553323 0.030111 0.136497
1 0.243794 0.505093 0.032936 0.142356
1 0.249598 0.493715 0.026998 0.124201
1 0.330188 0.433751 0.026800 0.103700
