1 0.197747 0.525998 0.033826 0.124710
1 0.387001 0.513973 0.027600 0.137778
1 0.418786 0.492989 0.027489 0.109323
1 0.296460 0.480415 0.027659 0.109688
3 0.620449 0.569168 0.034235 0.155993
1 0.342716 0.519194 0.030097 0.145325
3 0.474056 0.597241 0.061293 0.167197
3 0.529443 0.523453 0.040552 0.140282
2 0.565728 0.398497 0.029190 0.134122
3 0.406295 0.587861 0.032335 0.171952
1 0.182088 0.471095 0.026170 0.111235
3 0.573013 0.530886 0.026178 0.146288
1 0.185904 0.484969 0.026955 0.141968
3 0.391324 0.633330 0.048770 0.106322
