3 0.427145 0.578478 0.044717 0.180224
1 0.302242 0.532552 0.025483 0.126850
1 0.195303 0.524720 0.028944 0.143661
1 0.224634 0.496025 0.027429 0.121935
1 0.264386 0.496195 0.023426 0.106414
3 0.286656 0.581793 0.053341 0.173372
3 0.325731 0.537340 0.030276 0.148111
1 0.310078 0.479952 0.028280 0.118217
3 0.370363 0.543798 0.026650 0.133219
1 0.305623 0.514504 0.028357 0.158555
1 0.393752 0.484154 0.030674 0.113583
3 0.495370 0.516229 0.030931 0.129539
2 0.567930 0.399267 0.027308 0.134860
1 0.308403 0.462961 0.025113 0.080721
