3 0.417005 0.605908 0.046102 0.197155
3 0.352205 0.539984 0.038891 0.152266
3 0.634159 0.552303 0.037327 0.173131
1 0.380426 0.501167 0.026376 0.117818
1 0.178182 0.493147 0.028374 0.126770
3 0.282134 0.592221 0.042146 0.161787
3 0.485400 0.589044 0.038265 0.162250
1 0.419964 0.489246 0.030097 0.112006
2 0.565622 0.399791 0.031288 0.135065
1 0.315139 0.500229 0.026454 0.110855
1 0.282130 0.485821 0.023586 0.100556
3 0.460700 0.520230 0.025013 0.145975
1 0.371824 0.484604 0.024877 0.115239
1 0.365531 0.472804 0.022527 0.097168
