1 0.251186 0.511917 0.026229 0.112751
1 0.355635 0.495014 0.023920 0.119711
3 0.302129 0.550087 0.024935 0.112284
1 0.401295 0.512109 0.036192 0.137385
3 0.277362 0.559056 0.028876 0.145980
1 0.381632 0.512786 0.022967 0.131379
1 0.337539 0.503169 0.023767 0.125186
2 0.568763 0.398199 0.025591 0.132020
1 0.241831 0.495154 0.029322 0.125852
3 0.295106 0.653995 0.037123 0.189960
3 0.492782 0.575274 0.060843 0.209013
3 0.502536 0.561997 0.035867 0.205086
1 0.387560 0.511238 0.027198 0.135160
3 0.484989 0.495090 0.025468 0.097005
3 0.490721 0.521790 0.033696 0.143507
3 0.484737 0.507081 0.031425 0.125546
1 0.236810 0.495890 0.024252 0.123212
