1 0.402757 0.507576 0.023664 0.124697
1 0.323317 0.519163 0.036294 0.142757
3 0.594064 0.587290 0.053143 0.129754
1 0.285756 0.476227 0.023275 0.113892
1 0.370318 0.486090 0.026895 0.105753
3 0.449423 0.556609 0.036850 0.154653
3 0.401668 0.621152 0.054843 0.190223
3 0.485291 0.597164 0.048103 0.171817
3 0.270024 0.601008 0.038478 0.157336
3 0.421040 0.535968 0.025934 0.142629
2 0.566075 0.398750 0.027966 0.133755
1 0.164787 0.490732 0.027893 0.109417
1 0.282847 0.482846 0.022927 0.100218
1 0.268858 0.515141 0.028748 0.098359
