3 0.402302 0.594618 0.042632 0.189809
3 0.289951 0.576304 0.043893 0.130155
3 0.478634 0.519272 0.041969 0.127331
1 0.236737 0.501766 0.038946 0.121246
3 0.370093 0.542376 0.029272 0.143854
3 0.606907 0.547957 0.034236 0.169785
3 0.524651 0.566357 0.034839 0.154371
1 0.342511 0.521187 0.030587 0.153158
1 0.331223 0.512532 0.026373 0.139975
1 0.351214 0.515310 0.027049 0.147023
2 0.566211 0.400172 0.028953 0.135952
1 0.431309 0.474016 0.024579 0.104420
0 0.352015 0.371827 0.017024 0.029049
1 0.335060 0.509014 0.026232 0.163104
1 0.334257 0.464369 0.022756 0.077801
