3 0.271638 0.567584 0.038777 0.163751
3 0.579732 0.533907 0.026722 0.137466
1 0.205905 0.509979 0.028578 0.136158
3 0.454088 0.588844 0.037971 0.160972
1 0.339105 0.519899 0.024798 0.112943
1 0.438659 0.481321 0.027955 0.114090
1 0.243738 0.508252 0.027991 0.118118
3 0.376695 0.534146 0.022945 0.147141
3 0.822060 0.665733 0.074221 0.264070
3 0.360147 0.614827 0.048278 0.198029
1 0.316665 0.502198 0.025803 0.100650
2 0.569198 0.399958 0.027075 0.134211
1 0.369614 0.473396 0.025370 0.100379
1 0.372853 0.498978 0.026729 0.136419
3 0.368146 0.588295 0.030650 0.194575
