3 0.272968 0.592956 0.036245 0.166029
1 0.054921 0.540348 0.033530 0.116976
1 0.177007 0.532348 0.031577 0.132947
3 0.307835 0.637515 0.035598 0.206543
1 0.139831 0.522998 0.029765 0.140981
1 0.215603 0.496166 0.029150 0.121561
2 0.565664 0.398792 0.030605 0.133992
1 0.096747 0.493247 0.029184 0.106730
3 0.345913 0.586930 0.037923 0.186541
1 0.159415 0.523645 0.022143 0.118947
3 0.422317 0.604874 0.034276 0.184606
1 0.019414 0.545005 0.026288 0.133385
3 0.449333 0.602949 0.038229 0.169758
1 0.011164 0.542913 0.021483 0.131056
3 0.339590 0.587426 0.029089 0.186434
1 0.028726 0.547480 0.024306 0.135295
1 0.162654 0.528746 0.021783 0.131174
3 0.352399 0.585016 0.038640 0.181883
