3 0.614212 0.581586 0.049792 0.166686
1 0.290607 0.517778 0.026608 0.142886
3 0.433189 0.564238 0.044001 0.137736
1 0.394092 0.511010 0.030015 0.135021
2 0.564341 0.397654 0.032110 0.131366
3 0.481144 0.584396 0.036336 0.187969
1 0.319733 0.495943 0.027330 0.111353
3 0.357431 0.624743 0.038012 0.194057
3 0.541423 0.529415 0.028725 0.144376
3 0.563958 0.526805 0.029163 0.153712
1 0.299681 0.483019 0.023592 0.119625
1 0.174983 0.461938 0.024117 0.099998
1 0.296739 0.496591 0.025809 0.145617
1 0.303268 0.487585 0.025360 0.123989
1 0.312562 0.494781 0.022459 0.119458
