1 0.321080 0.525599 0.030938 0.134282
3 0.595555 0.538093 0.033094 0.166391
1 0.240594 0.497108 0.029504 0.113565
1 0.332868 0.513929 0.020343 0.142984
3 0.489765 0.575070 0.042038 0.154304
2 0.566800 0.399448 0.031829 0.136830
1 0.374555 0.501727 0.028537 0.117042
1 0.457654 0.490964 0.027118 0.126743
3 0.351441 0.545226 0.028966 0.146324
3 0.393203 0.613805 0.082987 0.156597
1 0.337287 0.490755 0.024992 0.121335
1 0.341457 0.481568 0.026997 0.119556
3 0.236619 0.580771 0.044763 0.155178
1 0.378792 0.508897 0.032038 0.126347
3 0.386053 0.515160 0.022701 0.097726
3 0.380610 0.508573 0.032450 0.112062
