3 0.263617 0.591561 0.042670 0.179223
3 0.429488 0.594106 0.049745 0.187137
1 0.394595 0.516059 0.027387 0.135697
3 0.302863 0.589662 0.042434 0.189791
3 0.577383 0.579500 0.037868 0.161087
1 0.363169 0.516545 0.033111 0.151496
1 0.214757 0.509152 0.032393 0.131105
1 0.357351 0.518816 0.031426 0.144967
1 0.367568 0.505900 0.025452 0.148068
2 0.563758 0.401343 0.034438 0.137264
3 0.527541 0.553759 0.031312 0.143762
1 0.278180 0.461331 0.023317 0.098638
3 0.562146 0.529917 0.025116 0.141167
1 0.369419 0.492141 0.025002 0.115650
3 0.570039 0.562132 0.030142 0.159718
