1 0.265947 0.491634 0.025644 0.121503
0 0.316031 0.255978 0.019111 0.033361
3 0.296849 0.554522 0.043899 0.144200
3 0.608167 0.566335 0.031871 0.146115
1 0.196095 0.529089 0.035172 0.123750
1 0.428654 0.512969 0.038488 0.130443
3 0.351935 0.609929 0.061547 0.134174
2 0.566188 0.399789 0.028788 0.136919
3 0.471144 0.572766 0.043083 0.157531
1 0.313863 0.489421 0.023625 0.123269
1 0.406211 0.500887 0.023707 0.124770
3 0.400915 0.536242 0.048045 0.118519
3 0.503907 0.510279 0.027880 0.137501
1 0.405053 0.511349 0.039817 0.140343
1 0.421664 0.511951 0.034161 0.132939
