1 0.357913 0.518284 0.030581 0.142664
3 0.518181 0.557067 0.032872 0.162877
3 0.295344 0.598797 0.040099 0.181930
3 0.452482 0.530091 0.025363 0.144583
1 0.183202 0.514204 0.027545 0.123594
3 0.380489 0.608712 0.037538 0.196139
3 0.547939 0.534637 0.034946 0.127835
1 0.299383 0.482735 0.025499 0.114433
1 0.430690 0.514630 0.028730 0.133080
1 0.223519 0.522655 0.031887 0.119171
1 0.420649 0.471665 0.026416 0.112983
2 0.565348 0.400016 0.029970 0.137293
0 0.465013 0.281628 0.017652 0.029632
3 0.485411 0.574945 0.035249 0.162887
