1 0.373380 0.516006 0.034593 0.156932
1 0.376096 0.492701 0.029807 0.149084
3 0.370596 0.581432 0.036870 0.174143
1 0.306497 0.487439 0.026036 0.113608
1 0.347239 0.524620 0.025047 0.141519
3 0.409176 0.538357 0.035382 0.122453
3 0.399277 0.628269 0.036204 0.184622
3 0.550292 0.567690 0.047133 0.152850
1 0.232849 0.500458 0.027877 0.116407
2 0.566731 0.398622 0.029438 0.134900
3 0.602826 0.545230 0.043222 0.163961
3 0.424303 0.611698 0.043512 0.199055
1 0.334636 0.511076 0.025028 0.136522
1 0.339426 0.511798 0.031177 0.144280
3 0.414716 0.562132 0.042784 0.172127
