1 0.424958 0.485954 0.030863 0.129162
1 0.366434 0.495841 0.022018 0.115607
3 0.360400 0.626079 0.039009 0.184633
3 0.504555 0.557088 0.031622 0.164815
3 0.323767 0.587826 0.041799 0.174672
2 0.565989 0.399116 0.031666 0.135266
3 0.380100 0.545502 0.027933 0.133922
1 0.321958 0.469745 0.025461 0.111742
1 0.268930 0.504042 0.028803 0.140791
1 0.381725 0.475211 0.023576 0.091472
3 0.492559 0.548612 0.025282 0.163230
1 0.371210 0.488753 0.030552 0.107723
3 0.766360 0.652595 0.044608 0.148952
3 0.487704 0.522851 0.019777 0.123985
