3 0.380184 0.621698 0.044070 0.202767
3 0.449720 0.547244 0.033865 0.168779
3 0.420518 0.554404 0.029263 0.151953
1 0.382566 0.478862 0.026091 0.097485
3 0.566550 0.535831 0.025189 0.134916
1 0.341399 0.506973 0.027129 0.137650
1 0.305092 0.527388 0.032796 0.129810
2 0.566609 0.400356 0.028139 0.135942
3 0.606733 0.555670 0.030154 0.168110
1 0.408370 0.524658 0.026135 0.155144
1 0.155367 0.477462 0.026152 0.122202
3 0.265612 0.608323 0.043033 0.142724
1 0.333331 0.474004 0.023071 0.099969
1 0.335349 0.495598 0.026789 0.144543
