3 0.410889 0.600489 0.039967 0.185967
1 0.383926 0.492392 0.023681 0.106641
1 0.296207 0.527879 0.026535 0.127828
3 0.461606 0.550573 0.034266 0.165546
3 0.276728 0.592234 0.032517 0.156992
1 0.403656 0.497853 0.025886 0.107226
1 0.202739 0.495593 0.028728 0.120311
1 0.333335 0.521267 0.031287 0.149132
2 0.567666 0.399639 0.026895 0.135902
3 0.646170 0.569170 0.036407 0.183037
1 0.299654 0.500465 0.028195 0.166628
1 0.300846 0.478470 0.027027 0.118096
3 0.546561 0.560489 0.034483 0.148303
3 0.438719 0.544276 0.027920 0.158643
1 0.394185 0.496110 0.032469 0.110377
