1 0.315627 0.521098 0.028236 0.144003
1 0.372601 0.515141 0.029767 0.131380
3 0.638428 0.564140 0.030453 0.160631
3 0.391594 0.608611 0.038563 0.194029
3 0.458574 0.560696 0.034580 0.132336
1 0.331132 0.485882 0.027594 0.124026
1 0.400467 0.483356 0.022743 0.101189
2 0.566445 0.399035 0.028895 0.133237
3 0.274465 0.600285 0.035280 0.164767
1 0.104306 0.472525 0.026856 0.103479
1 0.278794 0.515819 0.027660 0.102093
3 0.498072 0.595685 0.054437 0.156980
3 0.491968 0.533107 0.030072 0.140344
3 0.493089 0.554918 0.038913 0.188162
