1 0.358012 0.522788 0.030135 0.144584
3 0.422406 0.622053 0.042298 0.210062
1 0.281832 0.521881 0.030635 0.143552
3 0.470590 0.544430 0.032921 0.164134
3 0.443220 0.551299 0.032562 0.147261
1 0.322994 0.469109 0.027270 0.109578
2 0.566605 0.400037 0.028499 0.135432
3 0.620550 0.591627 0.033221 0.193678
1 0.393860 0.477187 0.025975 0.096480
3 0.258607 0.607779 0.036653 0.163299
1 0.269103 0.529449 0.023971 0.142673
1 0.090064 0.476494 0.026035 0.112413
1 0.257542 0.529476 0.028362 0.119915
3 0.637596 0.556908 0.026942 0.155630
