1 0.379208 0.513952 0.026074 0.129508
1 0.287742 0.520834 0.031361 0.150534
3 0.255606 0.614042 0.043739 0.153376
1 0.331264 0.472283 0.028446 0.107459
3 0.622744 0.579582 0.035909 0.184006
3 0.410512 0.611899 0.038596 0.195620
3 0.485262 0.544589 0.029631 0.158048
1 0.364495 0.495500 0.023105 0.129803
3 0.574961 0.550310 0.035295 0.152976
2 0.566244 0.400902 0.030965 0.137992
3 0.457614 0.547028 0.035023 0.155968
1 0.361347 0.482601 0.024630 0.115497
1 0.256958 0.525217 0.026779 0.112949
1 0.098704 0.471883 0.025491 0.103487
1 0.258685 0.515601 0.022211 0.094862
