1 0.420138 0.495805 0.028879 0.112477
3 0.613892 0.576867 0.030399 0.161797
1 0.239029 0.497929 0.033122 0.130105
3 0.489177 0.570013 0.035105 0.171656
3 0.334531 0.604814 0.036718 0.175572
3 0.308239 0.546740 0.028637 0.149228
1 0.147437 0.519228 0.034639 0.128675
1 0.373000 0.489769 0.026637 0.102617
2 0.565262 0.399655 0.030794 0.136685
1 0.289209 0.538712 0.026314 0.129544
1 0.319781 0.493652 0.027816 0.104569
3 0.393119 0.530537 0.030482 0.146138
3 0.498271 0.508554 0.026606 0.141873
0 0.328513 0.317503 0.017759 0.028569
