0 0.309096 0.327826 0.019634 0.030602
1 0.358030 0.511960 0.029694 0.140870
3 0.516180 0.520877 0.027899 0.134377
1 0.389706 0.479587 0.026682 0.106459
3 0.590285 0.573468 0.030567 0.161647
1 0.206542 0.477688 0.026338 0.111074
1 0.189836 0.516883 0.032742 0.124727
3 0.368850 0.608481 0.052330 0.142293
3 0.554090 0.532238 0.025869 0.140123
1 0.281231 0.486312 0.029167 0.112859
3 0.434160 0.607139 0.046127 0.163432
2 0.565587 0.400375 0.029203 0.137830
1 0.418156 0.532119 0.030697 0.169527
1 0.417377 0.504335 0.028313 0.114517
1 0.199763 0.510964 0.027032 0.120840
3 0.416950 0.562610 0.030442 0.142255
