1 0.254137 0.498925 0.026338 0.111582
1 0.320045 0.532503 0.038041 0.132972
3 0.271874 0.600970 0.048884 0.188669
1 0.390741 0.471755 0.025690 0.102373
3 0.381866 0.618261 0.039836 0.200953
1 0.195230 0.512406 0.029922 0.135797
2 0.565471 0.398552 0.032154 0.132971
1 0.225146 0.497555 0.027399 0.121596
3 0.517346 0.514771 0.030187 0.140401
1 0.317703 0.513184 0.036266 0.175496
3 0.724908 0.674552 0.044373 0.203874
1 0.312653 0.497813 0.029253 0.154703
3 0.285188 0.546389 0.033024 0.138447
1 0.385690 0.490194 0.029007 0.129433
