0 0.227824 0.376166 0.018712 0.037608
1 0.301499 0.493099 0.027637 0.131458
1 0.294601 0.537765 0.029836 0.136960
3 0.253422 0.592086 0.035924 0.154909
3 0.612953 0.548354 0.033164 0.163240
1 0.208061 0.554912 0.034385 0.130428
3 0.332102 0.542054 0.028556 0.151701
1 0.298670 0.506042 0.032092 0.161874
1 0.374654 0.501805 0.026168 0.100449
3 0.400087 0.530304 0.032246 0.147757
2 0.565473 0.400169 0.030586 0.137069
3 0.517345 0.553797 0.028050 0.138797
1 0.216970 0.530205 0.034361 0.168449
3 0.233132 0.574765 0.025310 0.149855
1 0.219597 0.499520 0.030220 0.108019
1 0.411874 0.508704 0.025830 0.129937
3 0.236921 0.582589 0.025368 0.148362
1 0.227548 0.546942 0.032425 0.160697
