1 0.383245 0.518776 0.025880 0.136333
1 0.296548 0.527830 0.023754 0.130596
1 0.399578 0.488416 0.023789 0.105831
1 0.332171 0.521277 0.030087 0.148689
3 0.408379 0.604722 0.043003 0.187548
3 0.581247 0.577968 0.042439 0.143689
1 0.268172 0.479344 0.028004 0.117445
3 0.455579 0.547532 0.035788 0.158395
3 0.271932 0.599413 0.040178 0.162311
2 0.564989 0.399616 0.028726 0.135657
1 0.387100 0.511829 0.027490 0.133453
3 0.426134 0.560595 0.035317 0.129072
3 0.677332 0.568943 0.044376 0.159636
1 0.140582 0.440518 0.027118 0.125893
