1 0.389322 0.514322 0.027383 0.137354
1 0.414363 0.496292 0.022780 0.109970
3 0.436279 0.543226 0.037812 0.187562
3 0.443806 0.516271 0.026052 0.136706
3 0.491820 0.618035 0.061740 0.150281
3 0.576135 0.586983 0.055027 0.147286
2 0.565519 0.400249 0.030340 0.137266
3 0.433435 0.560486 0.033630 0.148884
3 0.325882 0.608727 0.063412 0.183783
1 0.333947 0.480925 0.039384 0.133425
1 0.315696 0.504003 0.030938 0.109953
1 0.194150 0.519158 0.036027 0.123560
3 0.652387 0.559243 0.032106 0.142946
1 0.338216 0.494596 0.033077 0.109673
1 0.330773 0.471576 0.030602 0.117683
