3 0.609375 0.577380 0.041300 0.181901
1 0.376002 0.505366 0.027657 0.127299
3 0.407808 0.610913 0.043927 0.179541
1 0.292830 0.524622 0.028378 0.134826
3 0.459483 0.550099 0.029783 0.155585
1 0.271211 0.513528 0.026191 0.113309
3 0.284978 0.591355 0.044594 0.178719
3 0.754169 0.582576 0.036497 0.171724
1 0.432814 0.486214 0.029467 0.129869
2 0.570020 0.399666 0.026880 0.135066
3 0.437534 0.520733 0.026071 0.131846
1 0.301192 0.455575 0.025053 0.093663
1 0.296739 0.482869 0.026937 0.096346
3 0.289908 0.549423 0.032469 0.189382
