1 0.347504 0.518047 0.032256 0.145883
3 0.278238 0.597145 0.042929 0.181168
1 0.294391 0.530871 0.033337 0.132194
3 0.611256 0.546904 0.036810 0.154690
1 0.222313 0.497260 0.026618 0.107162
3 0.407246 0.540549 0.032137 0.147433
3 0.486872 0.582376 0.029424 0.164094
3 0.462900 0.575090 0.030441 0.155323
2 0.565520 0.400113 0.029336 0.137380
1 0.352728 0.480782 0.028512 0.134696
3 0.446933 0.656766 0.044450 0.156736
1 0.317725 0.475681 0.024954 0.104997
1 0.395452 0.505422 0.025727 0.127824
1 0.313099 0.483554 0.023343 0.106485
1 0.299948 0.532982 0.032495 0.135834
0 0.514324 0.662532 0.022353 0.044464
