3 0.297511 0.577202 0.043564 0.171741
1 0.368420 0.516753 0.023860 0.142279
3 0.595578 0.533530 0.028676 0.154369
3 0.430962 0.538498 0.036288 0.164943
3 0.564628 0.565662 0.033533 0.165430
3 0.405681 0.655673 0.043051 0.188429
1 0.199627 0.487911 0.026344 0.096331
1 0.309613 0.471673 0.025374 0.104503
2 0.565395 0.400143 0.029891 0.137545
1 0.384742 0.479899 0.023465 0.099494
1 0.344425 0.517554 0.032023 0.131619
3 0.398790 0.538668 0.029155 0.122664
1 0.355360 0.514782 0.017419 0.142330
1 0.349180 0.513154 0.023709 0.144345
1 0.364951 0.471007 0.020488 0.095659
1 0.390735 0.487311 0.026153 0.094842
