1 0.401386 0.478449 0.026119 0.108334
1 0.344831 0.473677 0.030762 0.115037
1 0.229591 0.521308 0.026231 0.140833
3 0.272361 0.584417 0.033695 0.161425
3 0.425678 0.518302 0.027173 0.128488
3 0.327940 0.544247 0.033160 0.150420
1 0.244110 0.492620 0.027149 0.109994
1 0.311798 0.501038 0.022917 0.110306
3 0.688937 0.609435 0.061550 0.203517
3 0.489140 0.600374 0.042753 0.169738
2 0.566723 0.399089 0.028534 0.135259
3 0.445098 0.631572 0.039858 0.209951
1 0.240744 0.507600 0.027823 0.139899
1 0.079782 0.469841 0.026444 0.087225
1 0.339683 0.477593 0.029775 0.118566
