3 0.438967 0.619522 0.041739 0.203034
1 0.363736 0.521800 0.026528 0.141114
3 0.544715 0.528988 0.025684 0.138730
3 0.329158 0.601151 0.039003 0.170821
1 0.408829 0.509760 0.026963 0.139070
3 0.479297 0.585401 0.046463 0.166876
3 0.387392 0.538921 0.026638 0.145896
1 0.245219 0.514606 0.037736 0.110536
3 0.570821 0.539114 0.033086 0.158096
1 0.305949 0.484769 0.026691 0.103765
1 0.371773 0.505992 0.026987 0.163271
1 0.163227 0.472440 0.027231 0.110234
2 0.565532 0.399194 0.029575 0.135713
1 0.375084 0.482508 0.024150 0.110744
