3 0.396910 0.538515 0.034576 0.151909
3 0.661069 0.571443 0.042798 0.178200
1 0.284227 0.533539 0.029063 0.149920
1 0.337777 0.503799 0.023679 0.112561
3 0.611488 0.541905 0.036409 0.145911
3 0.440130 0.592001 0.045519 0.167068
3 0.360868 0.612578 0.040395 0.191936
1 0.369445 0.513989 0.028342 0.127578
3 0.321327 0.559096 0.031773 0.154339
1 0.270799 0.500050 0.024198 0.118979
2 0.565181 0.399815 0.034003 0.135900
1 0.167840 0.493526 0.033048 0.107664
1 0.310426 0.479445 0.022753 0.108876
1 0.276084 0.518019 0.027154 0.150355
1 0.313374 0.486820 0.023274 0.127172
