0 0.305230 0.262772 0.022404 0.037303
1 0.335894 0.529100 0.032710 0.169615
1 0.406591 0.506559 0.027687 0.120707
3 0.588704 0.576052 0.034745 0.158322
1 0.275904 0.488977 0.037257 0.113640
3 0.454829 0.545385 0.043139 0.183258
1 0.389493 0.482233 0.021495 0.100719
3 0.357651 0.614503 0.035409 0.181554
2 0.565261 0.400590 0.031083 0.138742
3 0.425316 0.610625 0.042299 0.181477
1 0.397584 0.498673 0.026645 0.123058
1 0.199816 0.500562 0.027722 0.151365
1 0.197622 0.523769 0.027908 0.122410
3 0.452173 0.558750 0.036397 0.144865
1 0.201419 0.479971 0.027288 0.110127
3 0.453068 0.534638 0.035005 0.157776
3 0.584530 0.560603 0.030280 0.186868
