1 0.161634 0.527014 0.034609 0.127789
3 0.484720 0.567850 0.037531 0.169165
3 0.624766 0.567471 0.036381 0.156127
1 0.255953 0.500645 0.029086 0.129952
3 0.335063 0.622904 0.060152 0.137679
2 0.565302 0.399278 0.031154 0.136480
0 0.316917 0.373151 0.019458 0.031212
3 0.387568 0.541602 0.055350 0.130332
1 0.317843 0.495844 0.029612 0.135683
1 0.343337 0.520946 0.027142 0.128982
3 0.305837 0.547732 0.032623 0.151011
3 0.504485 0.510604 0.024651 0.140219
1 0.385044 0.473907 0.030607 0.109636
1 0.381839 0.459712 0.030304 0.111715
