1 0.352055 0.532011 0.029976 0.146203
3 0.501240 0.583178 0.039817 0.183137
3 0.405570 0.538734 0.028059 0.133077
3 0.319531 0.594240 0.045052 0.191791
1 0.226932 0.519322 0.033007 0.146481
3 0.813194 0.597028 0.042303 0.177436
3 0.445408 0.520557 0.029457 0.140268
2 0.565630 0.399045 0.032356 0.134359
0 0.602209 0.278215 0.020423 0.032569
1 0.393380 0.479635 0.026706 0.104291
1 0.322210 0.494580 0.025253 0.094088
1 0.347878 0.510081 0.030452 0.168390
1 0.345874 0.481033 0.028140 0.110395
1 0.234261 0.512106 0.031761 0.142751
3 0.330824 0.581071 0.030660 0.178034
