1 0.420509 0.498357 0.026081 0.113939
1 0.354711 0.515254 0.025114 0.142305
3 0.438545 0.570258 0.035316 0.165095
1 0.322148 0.485648 0.026041 0.120009
3 0.525525 0.514781 0.028462 0.138067
3 0.221929 0.556314 0.038296 0.151140
3 0.548710 0.561148 0.041598 0.144869
3 0.286238 0.580293 0.034481 0.152224
1 0.371355 0.491505 0.024142 0.107719
1 0.260640 0.495084 0.028067 0.123648
1 0.265219 0.507191 0.030957 0.143977
2 0.568187 0.398982 0.026695 0.135428
1 0.271813 0.532542 0.035078 0.128097
1 0.208688 0.535422 0.025813 0.132685
3 0.279984 0.558449 0.033538 0.176147
1 0.274453 0.549798 0.031996 0.157307
1 0.367743 0.485868 0.027271 0.113048
