1 0.307394 0.502477 0.028973 0.120673
3 0.490608 0.573066 0.036606 0.178617
1 0.284556 0.521473 0.032577 0.142486
3 0.438822 0.549720 0.030317 0.155588
2 0.566419 0.399627 0.032515 0.136172
3 0.463127 0.545363 0.030523 0.163683
3 0.560035 0.569859 0.037751 0.155795
1 0.294940 0.518454 0.023639 0.138645
3 0.406615 0.624992 0.033624 0.212093
3 0.268490 0.593780 0.038816 0.162171
1 0.340847 0.475692 0.027227 0.112134
1 0.280589 0.468414 0.026671 0.127123
1 0.117947 0.472016 0.027177 0.109703
1 0.279905 0.450991 0.025213 0.091043
1 0.298893 0.505158 0.029657 0.136406
1 0.053947 0.534655 0.024011 0.115093
