3 0.290181 0.577042 0.050487 0.181048
3 0.614049 0.557962 0.029461 0.159888
1 0.407762 0.510921 0.030348 0.132586
3 0.658346 0.580885 0.047551 0.188833
3 0.250260 0.591120 0.032441 0.156988
1 0.353076 0.518539 0.025897 0.131533
3 0.449944 0.600984 0.047464 0.196408
2 0.562911 0.397144 0.034797 0.133692
1 0.383912 0.512546 0.026596 0.140853
1 0.234653 0.497687 0.025389 0.107552
1 0.347218 0.470827 0.025472 0.101741
1 0.143056 0.483099 0.027251 0.122695
3 0.448869 0.526855 0.038748 0.115922
1 0.348615 0.512591 0.029326 0.125616
