3 0.397439 0.540719 0.034121 0.150577
3 0.489724 0.586967 0.046825 0.161508
1 0.300895 0.482078 0.035038 0.113927
3 0.367737 0.606142 0.046487 0.164790
3 0.444724 0.609847 0.050422 0.195788
1 0.356709 0.505847 0.026998 0.115196
1 0.277190 0.508120 0.024295 0.109828
1 0.164153 0.473025 0.027050 0.110959
1 0.359805 0.487302 0.026780 0.126854
2 0.567536 0.399602 0.027758 0.135485
3 0.547917 0.530026 0.033820 0.143072
3 0.554384 0.529959 0.041162 0.151002
3 0.565626 0.530934 0.028460 0.146518
1 0.405394 0.495779 0.027410 0.114067
