1 0.361714 0.508710 0.032123 0.131738
1 0.232446 0.538906 0.030448 0.132804
2 0.562457 0.399200 0.035245 0.137820
3 0.549286 0.586696 0.036173 0.159254
1 0.404922 0.501793 0.031017 0.123370
3 0.552008 0.558484 0.036799 0.208351
1 0.261979 0.484898 0.030163 0.107394
3 0.263099 0.600322 0.038554 0.167529
3 0.399534 0.605689 0.043431 0.190082
3 0.525758 0.526839 0.028579 0.150966
1 0.229206 0.524920 0.032209 0.146298
3 0.557703 0.527005 0.029580 0.137910
1 0.224483 0.486731 0.027164 0.160484
1 0.407031 0.532247 0.034536 0.189616
1 0.221451 0.462183 0.025360 0.110838
1 0.226305 0.503321 0.029085 0.113865
