1 0.252186 0.539595 0.026981 0.157537
1 0.301968 0.508708 0.020787 0.115466
3 0.571712 0.563425 0.032755 0.154448
3 0.361493 0.598264 0.039686 0.168001
1 0.284891 0.533946 0.026397 0.128347
3 0.413236 0.539224 0.034071 0.152383
2 0.565569 0.401376 0.030346 0.137426
3 0.389154 0.539801 0.025279 0.144438
3 0.501231 0.608585 0.077481 0.109533
1 0.351523 0.480281 0.027663 0.120276
1 0.317899 0.488611 0.024525 0.091191
3 0.320144 0.562679 0.034937 0.161787
1 0.128482 0.465670 0.026660 0.091500
1 0.246261 0.494964 0.025440 0.109261
