3 0.460967 0.593906 0.046742 0.168519
1 0.295981 0.537528 0.026396 0.131149
1 0.390408 0.486967 0.023146 0.107519
1 0.417435 0.513486 0.030985 0.130429
1 0.368231 0.519168 0.030069 0.141334
0 0.374656 0.244472 0.019898 0.041042
3 0.265605 0.599313 0.035187 0.180455
3 0.583372 0.577867 0.029913 0.161665
3 0.478218 0.548762 0.028704 0.144498
3 0.331175 0.553265 0.036542 0.154946
2 0.565137 0.400054 0.029985 0.136590
3 0.562102 0.525989 0.028850 0.136183
1 0.264542 0.489141 0.023192 0.105720
1 0.286294 0.461500 0.023400 0.091414
1 0.290385 0.460579 0.026539 0.099999
