3 0.477358 0.571197 0.039953 0.167938
1 0.266417 0.496183 0.027494 0.121407
3 0.518360 0.512630 0.030077 0.133682
1 0.229362 0.539453 0.036181 0.155344
1 0.325124 0.484039 0.025156 0.110554
3 0.581770 0.554053 0.032942 0.150795
2 0.565204 0.400646 0.029472 0.139132
1 0.383899 0.509101 0.030285 0.141562
1 0.416570 0.500882 0.025923 0.124862
1 0.388895 0.509831 0.023934 0.139629
3 0.317246 0.592733 0.056446 0.149082
1 0.254175 0.499708 0.032117 0.119891
1 0.245758 0.475242 0.021808 0.108227
1 0.243091 0.501836 0.025137 0.112044
