3 0.412770 0.623026 0.039527 0.208312
1 0.370705 0.519979 0.028981 0.134394
3 0.623897 0.587068 0.039109 0.191365
3 0.445899 0.546011 0.029208 0.155154
1 0.284595 0.519641 0.029005 0.146604
2 0.564936 0.398786 0.031176 0.134429
3 0.481367 0.545015 0.033316 0.163103
1 0.337072 0.469464 0.023702 0.104005
1 0.373897 0.507997 0.032146 0.159296
1 0.265752 0.538420 0.028101 0.135613
3 0.256805 0.605700 0.041446 0.171351
3 0.596301 0.548008 0.027302 0.151897
1 0.085176 0.475483 0.025816 0.108068
1 0.371510 0.479172 0.032473 0.117120
