1 0.242815 0.532591 0.034636 0.146634
3 0.483574 0.572357 0.037724 0.174270
1 0.053621 0.536241 0.029118 0.119495
1 0.272643 0.500630 0.028991 0.101354
3 0.401764 0.623730 0.038699 0.211532
2 0.566095 0.399118 0.032679 0.135500
3 0.271348 0.596478 0.035762 0.156393
3 0.539463 0.579662 0.052244 0.150926
1 0.120056 0.474727 0.027025 0.107968
1 0.314836 0.481871 0.034641 0.117959
3 0.438736 0.553276 0.042674 0.160138
1 0.261986 0.502218 0.019907 0.111611
3 0.429264 0.550443 0.027523 0.158972
3 0.446815 0.553034 0.030376 0.165001
