1 0.353249 0.496534 0.026868 0.110807
3 0.684245 0.568532 0.035856 0.179553
3 0.472452 0.584278 0.036537 0.164397
3 0.341757 0.600895 0.039296 0.189598
1 0.320546 0.535060 0.032443 0.163818
1 0.393844 0.501910 0.022858 0.119211
1 0.168236 0.504393 0.027394 0.126844
3 0.644960 0.528124 0.036390 0.140755
2 0.567672 0.400102 0.028008 0.134170
1 0.146547 0.492245 0.020980 0.110201
3 0.415607 0.525908 0.025952 0.146560
1 0.324192 0.483309 0.028631 0.120299
1 0.322697 0.514816 0.032482 0.158373
3 0.324123 0.573182 0.025964 0.165562
1 0.321836 0.502808 0.030591 0.109898
