1 0.287409 0.532628 0.032610 0.137492
3 0.566155 0.535329 0.026324 0.135561
1 0.383602 0.478799 0.024588 0.102502
3 0.420055 0.550166 0.032353 0.150036
3 0.399666 0.626643 0.045391 0.205446
3 0.451490 0.549333 0.032566 0.165221
3 0.266577 0.597189 0.038091 0.167273
1 0.344316 0.502127 0.026598 0.139615
1 0.404268 0.501710 0.024416 0.110221
2 0.567799 0.400274 0.028698 0.137489
3 0.607792 0.553101 0.030487 0.168741
1 0.155430 0.478395 0.026594 0.123760
1 0.401005 0.493749 0.023848 0.117278
1 0.332865 0.480351 0.025195 0.117004
1 0.338069 0.495023 0.031052 0.146042
