1 0.322715 0.531541 0.025930 0.138078
1 0.220685 0.520687 0.029762 0.141293
3 0.509854 0.566141 0.031592 0.166382
3 0.358471 0.563133 0.034290 0.154455
1 0.250704 0.488725 0.027061 0.113895
3 0.400701 0.592668 0.048002 0.181409
1 0.401531 0.498381 0.026847 0.118674
3 0.454484 0.553505 0.032901 0.141159
2 0.564053 0.399673 0.033644 0.136028
1 0.342772 0.490980 0.025348 0.120598
1 0.336420 0.515276 0.030588 0.157015
3 0.481210 0.576503 0.024376 0.150059
1 0.396700 0.489090 0.030833 0.115589
1 0.382486 0.537354 0.026314 0.119416
