1 0.330910 0.498554 0.023748 0.108819
3 0.333309 0.619786 0.038220 0.180078
3 0.747318 0.622455 0.039522 0.226109
1 0.212341 0.517702 0.030442 0.142105
3 0.472623 0.509933 0.027757 0.131698
3 0.309052 0.563316 0.027534 0.159085
1 0.418840 0.475210 0.030701 0.113311
1 0.354473 0.501234 0.025474 0.109532
3 0.515191 0.607812 0.045130 0.125379
2 0.567977 0.399340 0.027327 0.134840
1 0.231222 0.498814 0.027812 0.120110
1 0.308644 0.473110 0.024567 0.098030
3 0.488133 0.651892 0.050642 0.219433
1 0.325938 0.495890 0.025632 0.114875
