1 0.353046 0.517442 0.032041 0.147887
3 0.299637 0.577297 0.037426 0.168833
1 0.416413 0.506798 0.026190 0.127710
1 0.318616 0.531755 0.027811 0.132221
3 0.541665 0.579131 0.046409 0.170046
3 0.435954 0.541857 0.030882 0.155847
1 0.200257 0.488545 0.028360 0.097660
3 0.401329 0.556168 0.032758 0.131611
2 0.565138 0.399688 0.032973 0.138889
3 0.617547 0.544308 0.035848 0.157517
1 0.324315 0.475509 0.024588 0.122177
3 0.426175 0.637901 0.047711 0.166480
1 0.322001 0.492587 0.026488 0.155920
1 0.408151 0.528508 0.030689 0.144709
