1 0.325490 0.483763 0.023151 0.109144
1 0.346419 0.517197 0.025678 0.131361
3 0.309478 0.625268 0.064996 0.149303
3 0.265687 0.540613 0.033963 0.168658
2 0.564972 0.399626 0.031599 0.137833
3 0.639610 0.570149 0.035095 0.148798
1 0.365797 0.532503 0.024675 0.125516
3 0.302364 0.508015 0.023943 0.126638
1 0.390423 0.491947 0.025101 0.107184
3 0.478539 0.579287 0.049508 0.151776
3 0.510191 0.515085 0.026183 0.137889
1 0.211875 0.488777 0.042817 0.112848
0 0.240655 0.312416 0.018580 0.039571
1 0.218981 0.484440 0.034966 0.118319
1 0.359326 0.525835 0.021561 0.131645
