3 0.304509 0.620514 0.060689 0.173593
1 0.374656 0.512482 0.032180 0.142384
3 0.718433 0.537889 0.039629 0.152145
3 0.249993 0.560683 0.030288 0.155347
3 0.489326 0.579025 0.045184 0.167875
1 0.297879 0.505245 0.027019 0.110141
2 0.565170 0.399827 0.030621 0.136443
3 0.469290 0.520681 0.027020 0.140568
1 0.343896 0.495389 0.022165 0.121574
1 0.271789 0.555403 0.026568 0.158027
1 0.265016 0.494753 0.025454 0.109085
1 0.331158 0.502436 0.024156 0.117321
1 0.268089 0.524649 0.030240 0.162237
1 0.335767 0.503437 0.025337 0.124251
