3 0.282345 0.567672 0.039569 0.163723
1 0.251396 0.499017 0.026445 0.132652
1 0.185879 0.528732 0.032300 0.123371
3 0.448700 0.572290 0.034454 0.175409
1 0.388265 0.489047 0.025521 0.120587
3 0.388538 0.632394 0.038605 0.191106
2 0.567484 0.399406 0.027328 0.133949
3 0.544859 0.512620 0.033693 0.132638
1 0.320336 0.489588 0.029547 0.111049
3 0.725189 0.609891 0.043122 0.202776
1 0.423181 0.492389 0.025186 0.130574
1 0.426899 0.512558 0.025830 0.169101
1 0.431103 0.483974 0.032597 0.120598
1 0.437947 0.472870 0.023996 0.100312
3 0.427018 0.546674 0.021344 0.139312
