3 0.450682 0.574150 0.035765 0.179000
3 0.804856 0.612131 0.043075 0.198771
3 0.320430 0.601674 0.040514 0.190755
1 0.214391 0.519139 0.028628 0.145296
3 0.397310 0.539039 0.032805 0.136703
1 0.290494 0.508839 0.027351 0.125039
3 0.352837 0.533719 0.026141 0.149638
1 0.330167 0.518980 0.024671 0.106422
2 0.568204 0.400431 0.026709 0.134619
1 0.246263 0.493893 0.027743 0.101595
1 0.323991 0.478089 0.027133 0.124317
3 0.443408 0.501811 0.026468 0.103411
1 0.389535 0.475171 0.026039 0.086180
3 0.445180 0.532051 0.029259 0.167480
