1 0.315310 0.490909 0.030131 0.104839
3 0.338087 0.620836 0.046141 0.204813
1 0.211171 0.509205 0.030394 0.134985
1 0.350890 0.522735 0.029233 0.126854
3 0.455596 0.584791 0.036240 0.167589
3 0.262977 0.564978 0.037133 0.165513
3 0.588194 0.531394 0.027947 0.133671
2 0.564811 0.400835 0.032670 0.139974
1 0.445261 0.480596 0.027518 0.113067
1 0.375766 0.481954 0.024617 0.108969
3 0.393712 0.529652 0.025497 0.142729
1 0.249523 0.492744 0.030282 0.108132
3 0.783727 0.679422 0.077531 0.256983
0 0.810427 0.650903 0.024788 0.039448
