1 0.247957 0.514859 0.035420 0.141060
3 0.372790 0.532730 0.029804 0.141192
3 0.710976 0.589805 0.044375 0.178052
1 0.407403 0.479901 0.028517 0.109570
1 0.201249 0.498897 0.028676 0.117344
3 0.323344 0.594503 0.041543 0.179185
3 0.288580 0.556970 0.031067 0.142005
3 0.433051 0.569136 0.037837 0.167377
3 0.472869 0.514081 0.025893 0.133078
2 0.565973 0.399316 0.030432 0.137122
1 0.345439 0.474330 0.025639 0.113285
0 0.240245 0.282372 0.018199 0.030731
1 0.327381 0.500775 0.030761 0.102043
1 0.330697 0.491633 0.030207 0.094305
