1 0.415211 0.510379 0.026684 0.134396
3 0.511193 0.576791 0.043211 0.178154
1 0.304665 0.526192 0.028170 0.125366
3 0.389621 0.609287 0.035001 0.177637
3 0.670635 0.572290 0.038495 0.165746
1 0.381110 0.505899 0.028627 0.119869
3 0.456584 0.556399 0.028180 0.150126
3 0.269781 0.586535 0.038578 0.173740
3 0.447199 0.517943 0.026276 0.142426
2 0.566035 0.398874 0.031932 0.134931
1 0.312869 0.482175 0.026772 0.122407
1 0.404927 0.464577 0.026190 0.110238
1 0.308909 0.493326 0.028507 0.140557
1 0.408038 0.460826 0.023362 0.091992
