1 0.398780 0.503195 0.029777 0.132484
1 0.247848 0.496867 0.028595 0.114975
3 0.293829 0.574335 0.036467 0.156110
1 0.342246 0.509869 0.023771 0.131095
3 0.583004 0.562291 0.033225 0.179472
3 0.441512 0.591836 0.047806 0.182541
2 0.565302 0.401600 0.031494 0.139671
3 0.497775 0.584351 0.038043 0.159449
1 0.278165 0.484544 0.023509 0.110629
3 0.367537 0.547370 0.038017 0.151574
1 0.328108 0.508449 0.026945 0.127724
1 0.334856 0.510423 0.027876 0.129689
3 0.471461 0.520243 0.028827 0.136122
1 0.324182 0.503940 0.025188 0.120765
