3 0.326197 0.586934 0.039980 0.179706
3 0.400256 0.537134 0.029509 0.135712
1 0.297515 0.498213 0.026908 0.106110
3 0.460365 0.573792 0.040878 0.169518
3 0.903969 0.624748 0.049133 0.208173
2 0.567285 0.398827 0.028827 0.134873
1 0.234465 0.516261 0.033452 0.148941
1 0.387741 0.473922 0.026148 0.099650
3 0.443148 0.514872 0.027740 0.123640
1 0.345361 0.478030 0.029355 0.122164
3 0.343796 0.538424 0.033207 0.145683
1 0.345849 0.463226 0.027324 0.081961
3 0.445380 0.535402 0.029366 0.173716
1 0.345987 0.502374 0.030737 0.169890
