3 0.264261 0.584440 0.030778 0.152279
1 0.275405 0.528659 0.030881 0.130099
3 0.430068 0.581928 0.042629 0.187134
3 0.404071 0.540510 0.027473 0.145686
1 0.321748 0.527113 0.038739 0.145574
3 0.638774 0.580187 0.042094 0.165601
1 0.220148 0.494542 0.029183 0.118700
3 0.677876 0.558436 0.039623 0.159293
1 0.382155 0.520865 0.025237 0.139642
2 0.564845 0.398991 0.029079 0.135239
1 0.298240 0.476048 0.022575 0.107959
1 0.403697 0.502616 0.025975 0.127341
1 0.291595 0.476173 0.029347 0.110487
3 0.382411 0.524344 0.022939 0.145902
