3 0.308140 0.622452 0.044156 0.200148
3 0.540553 0.581062 0.065795 0.159011
1 0.253898 0.508658 0.028573 0.131005
1 0.366086 0.505098 0.025543 0.124121
1 0.394730 0.505189 0.027345 0.113357
2 0.562167 0.398491 0.035844 0.135630
3 0.453002 0.512990 0.028130 0.139787
1 0.409406 0.479250 0.025664 0.117780
3 0.564633 0.525326 0.024938 0.129240
1 0.319139 0.519611 0.025354 0.123275
3 0.371582 0.617764 0.068728 0.139883
3 0.291201 0.568695 0.028386 0.161835
1 0.402120 0.500181 0.026642 0.116879
1 0.284217 0.496602 0.025722 0.100797
