3 0.387053 0.584243 0.035740 0.181250
1 0.407934 0.493673 0.025466 0.133508
3 0.577407 0.540057 0.031004 0.141195
3 0.324974 0.601042 0.035874 0.167459
3 0.673169 0.572467 0.036147 0.176247
2 0.566546 0.401763 0.031937 0.139178
1 0.252050 0.514959 0.038960 0.133323
1 0.329393 0.466454 0.025484 0.117693
1 0.300928 0.487053 0.028427 0.109493
3 0.426955 0.584647 0.042802 0.182563
1 0.425340 0.498830 0.030306 0.103129
1 0.231945 0.502892 0.023556 0.117181
1 0.235879 0.508150 0.028204 0.131315
1 0.241430 0.509130 0.033407 0.134991
