1 0.374780 0.518449 0.028105 0.150413
3 0.444740 0.548290 0.034001 0.163093
1 0.329205 0.481692 0.026528 0.124153
1 0.409082 0.506621 0.028103 0.125017
3 0.577411 0.581053 0.041901 0.178672
3 0.308333 0.588507 0.059761 0.169690
2 0.564179 0.400911 0.032140 0.139764
1 0.178535 0.508475 0.028864 0.120116
3 0.407741 0.620104 0.036723 0.180241
3 0.664824 0.547505 0.029533 0.149288
1 0.414418 0.507868 0.033523 0.125486
1 0.285079 0.447654 0.021273 0.089757
3 0.449118 0.523240 0.028930 0.158040
3 0.449516 0.501027 0.026727 0.112563
