3 0.411374 0.582678 0.054681 0.162016
1 0.334447 0.524482 0.039283 0.143142
1 0.288227 0.537742 0.038101 0.135022
3 0.611425 0.552884 0.033853 0.155907
1 0.390084 0.516417 0.030532 0.138553
1 0.207125 0.505837 0.028656 0.119979
1 0.303002 0.477973 0.024830 0.114079
3 0.441474 0.546655 0.032071 0.145926
3 0.530904 0.591779 0.033250 0.185963
2 0.566154 0.400063 0.030123 0.136303
3 0.416444 0.519160 0.023955 0.124947
3 0.248467 0.592870 0.036343 0.151114
3 0.415449 0.539919 0.037648 0.152897
3 0.409399 0.558652 0.027312 0.157437
3 0.411483 0.523587 0.021902 0.141379
