3 0.265347 0.573916 0.041196 0.161897
3 0.448799 0.585202 0.033919 0.162387
1 0.204934 0.514141 0.030133 0.141479
3 0.358897 0.615341 0.049918 0.195651
3 0.571351 0.532285 0.034694 0.135078
1 0.446356 0.476841 0.027618 0.111786
1 0.244328 0.502583 0.023634 0.115669
2 0.566382 0.399635 0.028750 0.135628
3 0.382297 0.530109 0.025858 0.140546
1 0.359244 0.511103 0.027726 0.110750
1 0.332661 0.502187 0.028725 0.101318
3 0.760695 0.643121 0.070234 0.227942
1 0.249692 0.492047 0.031261 0.110315
1 0.388741 0.478540 0.028512 0.105939
1 0.253237 0.473032 0.026497 0.089255
1 0.341211 0.495115 0.030976 0.113119
