1 0.227144 0.497762 0.031958 0.130498
3 0.497647 0.540021 0.032066 0.155132
1 0.264299 0.517982 0.029782 0.143945
3 0.391386 0.533896 0.034218 0.142394
1 0.292515 0.491552 0.027566 0.113037
1 0.367201 0.493391 0.023735 0.109535
3 0.473614 0.557753 0.028393 0.144406
3 0.436571 0.552405 0.039883 0.163967
3 0.329439 0.568263 0.027342 0.152569
3 0.477728 0.564913 0.022021 0.131374
2 0.567360 0.398548 0.027394 0.133857
3 0.459563 0.550540 0.022156 0.152037
1 0.327396 0.486465 0.025286 0.089168
3 0.464167 0.548458 0.028252 0.149493
