1 0.167754 0.526265 0.034272 0.127448
1 0.383174 0.488808 0.025577 0.103456
3 0.631685 0.572193 0.033756 0.165130
3 0.345720 0.586588 0.036658 0.177326
3 0.480606 0.585934 0.044509 0.173606
3 0.366648 0.539676 0.028480 0.146867
3 0.427626 0.593736 0.036052 0.170070
1 0.462558 0.481947 0.029040 0.120504
2 0.564446 0.398426 0.033438 0.137267
1 0.222261 0.509926 0.027244 0.126451
3 0.512552 0.514956 0.037478 0.129809
1 0.268023 0.482350 0.032937 0.101734
1 0.307637 0.478038 0.029986 0.111050
3 0.362055 0.557001 0.023108 0.171695
