0 0.351282 0.331927 0.017850 0.039003
3 0.324349 0.592819 0.040497 0.188825
1 0.281429 0.530698 0.029376 0.152596
3 0.441434 0.565571 0.033932 0.157935
1 0.375531 0.517371 0.024715 0.144846
2 0.564088 0.402853 0.034082 0.143278
3 0.565279 0.558729 0.032273 0.146288
1 0.192947 0.485029 0.029373 0.113832
3 0.465387 0.519800 0.026159 0.143342
1 0.318186 0.497539 0.028607 0.092306
1 0.342563 0.511756 0.025996 0.138698
1 0.371225 0.506207 0.028506 0.154553
1 0.338439 0.510086 0.026525 0.129498
1 0.367921 0.483572 0.025127 0.119423
