3 0.480487 0.580976 0.036544 0.185062
1 0.232786 0.498781 0.026187 0.125659
3 0.344880 0.555280 0.043314 0.145561
3 0.318541 0.596405 0.034292 0.155824
1 0.260914 0.530215 0.029051 0.122670
2 0.565876 0.400132 0.029922 0.137412
1 0.391739 0.509704 0.023110 0.146566
1 0.294394 0.489482 0.032397 0.108081
3 0.576637 0.561746 0.037089 0.153702
0 0.265680 0.352139 0.018695 0.028100
1 0.383814 0.513355 0.032745 0.146389
3 0.427566 0.524546 0.029535 0.146563
3 0.330852 0.567072 0.032164 0.175105
3 0.440849 0.522832 0.025344 0.136201
1 0.505759 0.480339 0.025036 0.096950
