1 0.299350 0.531711 0.029039 0.129398
3 0.387756 0.603559 0.037078 0.184739
1 0.370093 0.484784 0.024657 0.113686
1 0.344003 0.515830 0.031234 0.143736
3 0.628375 0.569416 0.036419 0.156507
3 0.454175 0.559120 0.037086 0.133022
3 0.272177 0.598767 0.039355 0.163239
1 0.316311 0.478030 0.025915 0.123325
2 0.565654 0.399616 0.031131 0.137910
1 0.310265 0.498910 0.023412 0.144170
1 0.127464 0.482186 0.023013 0.098977
3 0.497339 0.589562 0.054928 0.168688
1 0.388121 0.498763 0.026035 0.108305
1 0.307159 0.521145 0.034848 0.149212
3 0.487812 0.533212 0.033188 0.133922
