1 0.244094 0.527924 0.028273 0.126034
1 0.345272 0.520937 0.029289 0.141960
3 0.319472 0.633936 0.073385 0.159373
1 0.399902 0.497176 0.027168 0.110187
1 0.368765 0.485413 0.025099 0.122594
1 0.286127 0.504122 0.029441 0.129950
1 0.165828 0.561382 0.026562 0.147108
3 0.267468 0.571003 0.027829 0.138458
2 0.565570 0.399589 0.028045 0.134542
3 0.188697 0.563946 0.035261 0.149634
3 0.620490 0.575170 0.038208 0.143069
3 0.480528 0.610801 0.068214 0.135366
1 0.353338 0.513294 0.020560 0.144473
3 0.499513 0.512261 0.026958 0.131378
