3 0.459707 0.623103 0.049912 0.206692
1 0.201347 0.521398 0.030739 0.139498
3 0.513042 0.578977 0.036220 0.163027
3 0.395819 0.530608 0.030610 0.134639
1 0.309170 0.497407 0.024660 0.100968
3 0.745966 0.617958 0.044302 0.222421
1 0.344393 0.501969 0.031415 0.112827
2 0.566687 0.400247 0.030490 0.135448
1 0.236186 0.499537 0.030830 0.119280
3 0.303527 0.600858 0.035782 0.164920
1 0.316135 0.482138 0.025410 0.123247
3 0.471701 0.509671 0.027922 0.132550
1 0.392008 0.465610 0.027611 0.094206
1 0.313165 0.494191 0.025865 0.114518
