1 0.341635 0.511330 0.032176 0.141569
3 0.613549 0.553169 0.030717 0.169390
3 0.393604 0.632869 0.042683 0.206132
3 0.566271 0.534975 0.026511 0.135651
3 0.420690 0.551874 0.030779 0.155065
1 0.270553 0.520441 0.030318 0.103787
1 0.397957 0.508584 0.028315 0.125986
2 0.566398 0.400365 0.028868 0.137202
3 0.266457 0.597292 0.038574 0.166715
3 0.453614 0.548628 0.031444 0.168494
1 0.322285 0.476210 0.024566 0.114979
1 0.385842 0.477821 0.020281 0.098431
1 0.155394 0.477479 0.026587 0.122552
1 0.389813 0.483670 0.026170 0.111642
1 0.394009 0.495030 0.031986 0.126368
1 0.327282 0.482871 0.018449 0.104189
