3 0.501795 0.576432 0.033475 0.155727
1 0.391639 0.499936 0.028161 0.132171
3 0.413880 0.585637 0.049731 0.177367
3 0.471623 0.538834 0.022068 0.154527
2 0.562728 0.398212 0.035244 0.136302
3 0.315582 0.581342 0.042737 0.156188
1 0.329106 0.494673 0.028584 0.116063
3 0.457368 0.551195 0.026287 0.156023
1 0.244702 0.480051 0.031194 0.112828
1 0.386446 0.500998 0.029873 0.129878
3 0.475015 0.532795 0.024164 0.145590
3 0.495948 0.516521 0.029457 0.122728
1 0.324667 0.504148 0.026648 0.113043
3 0.462808 0.547318 0.028500 0.165140
