1 0.247759 0.489593 0.029155 0.122931
1 0.228739 0.519475 0.025896 0.130074
1 0.364400 0.516113 0.030594 0.143622
3 0.569260 0.584000 0.050193 0.162649
1 0.307102 0.504725 0.028008 0.100729
3 0.451468 0.520415 0.028364 0.140719
3 0.328631 0.593507 0.060954 0.174330
3 0.635106 0.550645 0.032624 0.139370
3 0.427600 0.571047 0.037151 0.161067
3 0.431734 0.597674 0.039462 0.220667
2 0.567257 0.400324 0.027670 0.136410
1 0.317635 0.485228 0.026927 0.109794
1 0.435067 0.481372 0.026392 0.106557
1 0.313332 0.492007 0.030860 0.110268
