3 0.609353 0.577633 0.042483 0.181393
1 0.293598 0.524221 0.029972 0.135454
3 0.442750 0.520525 0.028045 0.139187
3 0.283122 0.590497 0.045848 0.179314
1 0.423494 0.484142 0.025338 0.124416
1 0.382986 0.506354 0.024540 0.123367
3 0.395702 0.611291 0.037810 0.177928
1 0.335033 0.505285 0.026890 0.120727
3 0.468432 0.550873 0.034054 0.155136
2 0.568920 0.400258 0.026639 0.134464
1 0.315193 0.483887 0.023805 0.149898
1 0.317774 0.508353 0.025667 0.123248
1 0.321628 0.512302 0.027501 0.112495
1 0.329498 0.506753 0.037684 0.121523
1 0.296965 0.514687 0.028605 0.131491
1 0.313553 0.466354 0.024843 0.108632
3 0.289525 0.526500 0.034325 0.140591
