3 0.262275 0.610110 0.048671 0.174691
1 0.274578 0.529788 0.034680 0.154518
3 0.388390 0.539885 0.036046 0.155497
1 0.188596 0.485458 0.029930 0.120690
3 0.578414 0.579281 0.029701 0.159912
3 0.573633 0.559579 0.031461 0.198309
2 0.564282 0.398919 0.033095 0.135701
1 0.254315 0.506143 0.024378 0.104530
3 0.422726 0.562438 0.043513 0.160393
3 0.566639 0.528082 0.027288 0.134574
3 0.408151 0.598961 0.030167 0.207584
1 0.404718 0.491683 0.029197 0.104273
1 0.267752 0.498030 0.026740 0.135811
1 0.269817 0.516974 0.033000 0.171179
