1 0.282790 0.538331 0.033259 0.133445
3 0.319698 0.566135 0.043933 0.162760
1 0.426241 0.501928 0.022538 0.115384
1 0.348730 0.515950 0.032041 0.143206
3 0.412290 0.552649 0.029749 0.132236
1 0.406785 0.469906 0.024763 0.102463
3 0.445798 0.561532 0.030554 0.161685
3 0.365951 0.599634 0.048180 0.159382
1 0.198843 0.503647 0.026041 0.109832
3 0.490408 0.547496 0.048949 0.165260
2 0.565712 0.398752 0.028106 0.133283
3 0.498795 0.543575 0.035247 0.171103
1 0.302896 0.499843 0.026392 0.130217
1 0.307154 0.481197 0.026690 0.111874
1 0.412170 0.481982 0.032259 0.122858
