3 0.417236 0.615128 0.034504 0.205643
1 0.330244 0.517084 0.032037 0.146070
3 0.624755 0.557319 0.034976 0.154998
3 0.440907 0.558422 0.035569 0.143556
3 0.471124 0.545718 0.029592 0.153920
3 0.277140 0.603301 0.042535 0.165460
1 0.282168 0.526860 0.027892 0.115997
2 0.566403 0.399570 0.028556 0.131356
1 0.281145 0.469978 0.027191 0.108788
1 0.375266 0.516385 0.026361 0.126550
1 0.281955 0.488451 0.027034 0.150072
3 0.498046 0.600256 0.047422 0.153474
1 0.387072 0.480565 0.024098 0.102479
1 0.106916 0.471166 0.025731 0.106335
1 0.378888 0.499971 0.031432 0.126831
1 0.007516 0.548007 0.015031 0.126321
