3 0.612638 0.572556 0.033966 0.188718
3 0.252982 0.589424 0.037193 0.160222
1 0.274689 0.526507 0.030076 0.147194
3 0.540788 0.551926 0.034240 0.146401
1 0.165673 0.485989 0.027682 0.114917
3 0.323815 0.590584 0.052961 0.186864
3 0.490292 0.575586 0.037390 0.185261
1 0.315290 0.474165 0.023531 0.109642
1 0.382975 0.494448 0.025901 0.109252
1 0.330896 0.518467 0.030857 0.133155
3 0.484263 0.566228 0.038541 0.199346
2 0.569033 0.397691 0.027027 0.133442
3 0.478683 0.534461 0.029834 0.138821
1 0.319793 0.481420 0.030480 0.121764
1 0.327418 0.499143 0.032304 0.103442
