1 0.425341 0.471706 0.025266 0.105378
3 0.360122 0.596640 0.042704 0.193345
1 0.398255 0.522270 0.043852 0.120658
3 0.466151 0.566827 0.027717 0.159333
3 0.614889 0.577550 0.049716 0.164825
1 0.283450 0.493830 0.027810 0.107489
2 0.565040 0.400305 0.032187 0.138887
1 0.156222 0.514960 0.025255 0.127821
1 0.381163 0.478496 0.026196 0.109673
3 0.449171 0.520483 0.023937 0.135191
3 0.336705 0.550093 0.031685 0.142167
3 0.586447 0.564970 0.028645 0.167541
1 0.384869 0.488009 0.026256 0.122933
1 0.346415 0.492659 0.025565 0.095264
1 0.388561 0.499534 0.031303 0.121179
1 0.393507 0.487750 0.046187 0.120851
3 0.348463 0.584895 0.033746 0.196487
