1 0.377685 0.498557 0.026156 0.128702
3 0.667581 0.573109 0.047701 0.172440
1 0.341979 0.526698 0.027991 0.135814
3 0.398498 0.566940 0.032044 0.150293
3 0.577370 0.537660 0.034387 0.138270
3 0.417345 0.529803 0.031122 0.148619
3 0.302286 0.604827 0.044386 0.193314
2 0.564739 0.401296 0.030960 0.137872
3 0.245312 0.586018 0.035381 0.151894
1 0.293599 0.487381 0.024753 0.110804
3 0.412820 0.550206 0.025696 0.179239
1 0.193354 0.505825 0.024528 0.110365
1 0.209878 0.511667 0.028660 0.119759
1 0.331318 0.471906 0.025887 0.105262
1 0.335749 0.481137 0.027847 0.116996
1 0.202484 0.506351 0.036143 0.117674
