3 0.276755 0.586179 0.037301 0.155524
1 0.199750 0.518064 0.033789 0.141916
3 0.666899 0.589100 0.034197 0.199185
1 0.333781 0.483248 0.027556 0.127434
3 0.427581 0.616681 0.047720 0.202962
1 0.315313 0.522473 0.027018 0.130804
3 0.491951 0.584332 0.041213 0.165369
3 0.364898 0.535305 0.035285 0.146296
1 0.385395 0.489964 0.028663 0.102633
1 0.239593 0.501435 0.032051 0.118040
1 0.310734 0.518909 0.031253 0.132370
2 0.565375 0.399652 0.028781 0.133930
1 0.324090 0.501900 0.025453 0.143995
3 0.421012 0.506905 0.028449 0.105945
