3 0.454005 0.508265 0.026027 0.122355
1 0.226928 0.527034 0.028169 0.129793
1 0.250373 0.495668 0.032858 0.126850
3 0.332718 0.600442 0.065672 0.168491
3 0.641183 0.551658 0.036219 0.136616
1 0.435192 0.478557 0.023600 0.097295
1 0.358365 0.517398 0.032053 0.141311
3 0.442433 0.559632 0.029596 0.141733
3 0.461351 0.625377 0.050865 0.142789
2 0.564602 0.400207 0.033062 0.139468
1 0.325124 0.455967 0.024471 0.092018
3 0.599100 0.579890 0.048675 0.160762
1 0.323089 0.504795 0.026011 0.108238
3 0.447016 0.524934 0.023612 0.150300
