1 0.302217 0.525261 0.026848 0.149854
3 0.371782 0.623722 0.044863 0.203705
1 0.345554 0.517169 0.025737 0.133894
1 0.321262 0.519674 0.026059 0.130731
1 0.329908 0.494511 0.025277 0.149620
3 0.530900 0.595237 0.040375 0.191468
3 0.482529 0.543658 0.029003 0.160239
2 0.567007 0.401304 0.035271 0.140402
3 0.621770 0.557902 0.035092 0.156471
1 0.374698 0.496065 0.028764 0.109158
3 0.261892 0.603477 0.040558 0.168281
1 0.166631 0.474148 0.026447 0.106376
3 0.460490 0.545858 0.030259 0.153208
1 0.324605 0.506146 0.030770 0.149195
