1 0.254082 0.521534 0.026085 0.117570
1 0.428149 0.506272 0.028304 0.135598
3 0.540084 0.552215 0.033565 0.168461
1 0.380756 0.505403 0.030443 0.127896
3 0.496161 0.584593 0.058068 0.185508
2 0.562346 0.396936 0.035415 0.134060
3 0.482890 0.503902 0.027289 0.112655
1 0.340809 0.507846 0.033259 0.132909
1 0.234502 0.494020 0.024889 0.124535
1 0.237865 0.502342 0.022264 0.135657
3 0.277869 0.554847 0.026947 0.137979
3 0.283411 0.659395 0.042116 0.170975
3 0.333689 0.553193 0.029604 0.130349
1 0.338210 0.493242 0.030585 0.116296
