1 0.331210 0.506287 0.025888 0.126393
1 0.362913 0.518446 0.037924 0.146443
1 0.256227 0.503047 0.030902 0.129480
1 0.283711 0.524700 0.025892 0.126645
3 0.536709 0.589546 0.047642 0.160474
1 0.229628 0.521227 0.025259 0.125387
1 0.406793 0.503474 0.030473 0.123339
3 0.294464 0.605888 0.060494 0.130735
2 0.565532 0.399096 0.030456 0.135461
3 0.617081 0.567362 0.030497 0.137880
1 0.252761 0.533684 0.034301 0.196848
1 0.264873 0.534764 0.026061 0.156649
1 0.250432 0.562004 0.033851 0.133299
3 0.527226 0.514040 0.026636 0.123657
3 0.249669 0.560866 0.031651 0.131920
3 0.301463 0.536815 0.022783 0.103089
1 0.181159 0.457897 0.023915 0.093214
3 0.302302 0.575513 0.042288 0.191914
