3 0.359109 0.606721 0.034661 0.185611
3 0.428684 0.528926 0.028520 0.144864
1 0.297037 0.506011 0.023847 0.113066
3 0.344685 0.551823 0.031072 0.146348
3 0.390356 0.575825 0.027598 0.160501
1 0.332201 0.477343 0.026785 0.099068
2 0.563489 0.397929 0.033823 0.134816
3 0.453695 0.551934 0.031695 0.156642
1 0.278980 0.512802 0.026354 0.114942
1 0.389767 0.484846 0.026578 0.103889
3 0.449116 0.544306 0.030372 0.152816
3 0.344021 0.582741 0.024976 0.178087
1 0.285015 0.510423 0.031117 0.116236
1 0.429547 0.460928 0.023343 0.096349
