3 0.339464 0.621016 0.046330 0.202695
3 0.287083 0.562737 0.037199 0.162296
1 0.262451 0.510693 0.031230 0.139187
1 0.418914 0.495341 0.029799 0.130661
1 0.299512 0.503527 0.025957 0.127791
3 0.585257 0.536711 0.032840 0.137428
1 0.205467 0.509426 0.031886 0.133329
3 0.454973 0.589338 0.034467 0.161000
1 0.358800 0.532396 0.030724 0.138431
1 0.372330 0.477707 0.026099 0.109968
2 0.567547 0.399380 0.028412 0.136336
3 0.673986 0.641148 0.064804 0.218758
0 0.632950 0.689201 0.020878 0.036657
3 0.361061 0.532570 0.030809 0.133413
