1 0.193559 0.493665 0.024478 0.115297
3 0.405570 0.562340 0.029260 0.169356
1 0.296783 0.491568 0.026356 0.104643
1 0.332058 0.532062 0.030141 0.136412
1 0.381164 0.483036 0.025370 0.109896
1 0.408307 0.481160 0.028833 0.091638
1 0.214311 0.513099 0.027461 0.138429
3 0.505460 0.565829 0.030304 0.167301
3 0.470651 0.574273 0.038226 0.158147
2 0.565285 0.398450 0.032395 0.133888
3 0.440325 0.579720 0.028268 0.171665
3 0.529443 0.553982 0.028918 0.143008
3 0.423767 0.554682 0.021090 0.151945
3 0.428394 0.575898 0.025696 0.181189
1 0.410682 0.505532 0.032688 0.139385
