3 0.351836 0.588295 0.043804 0.182709
1 0.371916 0.523810 0.031764 0.130606
1 0.406948 0.474238 0.026279 0.108983
1 0.267421 0.513251 0.024827 0.138428
1 0.174694 0.513567 0.028907 0.132236
3 0.285047 0.564259 0.030803 0.147331
3 0.807652 0.593238 0.037464 0.198130
2 0.566505 0.399911 0.030090 0.134561
3 0.420111 0.549193 0.027656 0.151135
1 0.318522 0.493449 0.030326 0.115600
3 0.618396 0.545334 0.030988 0.146991
3 0.443865 0.533064 0.030552 0.142208
1 0.246776 0.513247 0.029423 0.105208
1 0.259539 0.511694 0.027348 0.126683
3 0.437910 0.541488 0.022321 0.149451
3 0.426907 0.547674 0.026363 0.154320
1 0.253970 0.520583 0.031552 0.125832
