3 0.365028 0.633608 0.050658 0.202547
1 0.285688 0.532946 0.024533 0.149050
1 0.265939 0.534695 0.026996 0.154474
3 0.309695 0.544083 0.028347 0.154481
1 0.376355 0.497559 0.024591 0.110460
3 0.493308 0.591295 0.036946 0.166032
3 0.632736 0.569986 0.029846 0.180422
3 0.341590 0.558602 0.032350 0.163308
2 0.564642 0.399627 0.031595 0.132990
1 0.158111 0.491768 0.025484 0.111378
1 0.220413 0.492060 0.029703 0.123879
3 0.615156 0.539905 0.025200 0.139299
1 0.340163 0.465079 0.026946 0.088413
1 0.288714 0.522447 0.024407 0.135421
