0 0.318046 0.309155 0.022476 0.036353
1 0.312308 0.531991 0.028146 0.124625
1 0.348009 0.515999 0.033148 0.144168
3 0.490429 0.579227 0.033978 0.166821
1 0.319977 0.478783 0.024754 0.122531
1 0.399657 0.511554 0.023423 0.132836
3 0.611477 0.548075 0.036618 0.150507
2 0.566245 0.400426 0.028633 0.137045
3 0.430568 0.547722 0.028970 0.122573
3 0.291872 0.582629 0.039722 0.168797
1 0.209571 0.492355 0.026568 0.100823
3 0.414822 0.538791 0.022136 0.138935
3 0.436363 0.639428 0.043958 0.155246
1 0.319686 0.501571 0.026550 0.168699
