1 0.332771 0.524367 0.026141 0.137093
3 0.296015 0.579059 0.044889 0.166847
3 0.614905 0.565858 0.041602 0.182959
1 0.242647 0.487787 0.029681 0.117934
1 0.361377 0.510541 0.027964 0.121505
3 0.483686 0.585275 0.037234 0.161117
3 0.362307 0.637751 0.047467 0.203293
2 0.565055 0.398996 0.032271 0.134167
1 0.427346 0.484797 0.028293 0.103343
3 0.307838 0.539011 0.028308 0.147601
1 0.371359 0.481125 0.024500 0.124376
1 0.365570 0.497129 0.031250 0.137442
1 0.144545 0.494966 0.024972 0.106668
3 0.302604 0.562543 0.043619 0.195865
