3 0.255801 0.581192 0.030817 0.159538
1 0.352102 0.503443 0.034042 0.129327
3 0.406899 0.564027 0.032408 0.166731
3 0.293786 0.605585 0.041251 0.194542
1 0.299484 0.486560 0.025850 0.107587
1 0.177818 0.514513 0.026312 0.128886
3 0.750075 0.580983 0.043240 0.192805
3 0.599013 0.541598 0.033879 0.144297
2 0.565190 0.400457 0.030513 0.136606
1 0.328558 0.531505 0.025780 0.138671
1 0.209626 0.505149 0.030804 0.106207
3 0.427481 0.532760 0.025478 0.143549
1 0.343895 0.489478 0.028140 0.145100
1 0.341635 0.476484 0.024717 0.117573
1 0.332769 0.525564 0.024386 0.140036
1 0.340804 0.461981 0.021803 0.082978
1 0.336962 0.490429 0.028535 0.143930
