3 0.286010 0.574140 0.035575 0.170194
1 0.329752 0.531083 0.028501 0.139769
1 0.267898 0.486481 0.027044 0.114908
3 0.401242 0.538262 0.024389 0.131244
3 0.580171 0.565746 0.036200 0.156220
1 0.224772 0.496168 0.027086 0.121254
1 0.382576 0.481618 0.024701 0.109397
1 0.192455 0.512077 0.031077 0.137012
3 0.433395 0.587156 0.036847 0.180313
3 0.536115 0.515418 0.032014 0.133199
2 0.565441 0.399706 0.032080 0.135367
1 0.297414 0.501516 0.027336 0.111697
1 0.316432 0.540683 0.026492 0.147873
3 0.289231 0.553077 0.033338 0.192264
1 0.305155 0.534729 0.029751 0.157058
