1 0.351183 0.520644 0.029746 0.151369
1 0.404927 0.513167 0.027276 0.129731
3 0.430493 0.595701 0.047715 0.185221
3 0.303776 0.565618 0.038546 0.160612
3 0.601900 0.535705 0.035673 0.154323
3 0.525642 0.597893 0.039998 0.165530
3 0.270143 0.595564 0.042200 0.173573
1 0.376588 0.490996 0.024171 0.112418
1 0.280079 0.511916 0.027560 0.130875
1 0.277121 0.494348 0.029139 0.154968
3 0.495719 0.554591 0.026537 0.138867
2 0.566738 0.398896 0.028841 0.133960
1 0.216652 0.506537 0.025671 0.128122
1 0.284051 0.530123 0.023560 0.114721
