3 0.415243 0.562906 0.025469 0.146186
1 0.272157 0.505571 0.032281 0.112052
3 0.327278 0.583891 0.042660 0.170995
1 0.199544 0.519510 0.030452 0.121361
1 0.376505 0.472382 0.030071 0.108957
3 0.394925 0.573981 0.027099 0.158450
3 0.518332 0.553039 0.033571 0.142391
2 0.565722 0.398294 0.030720 0.135468
1 0.340128 0.479787 0.023045 0.112058
3 0.428067 0.528332 0.032540 0.150945
1 0.302223 0.512907 0.021426 0.139628
3 0.411400 0.568625 0.024473 0.162411
1 0.300952 0.488995 0.021843 0.091411
3 0.306012 0.555176 0.023704 0.147552
1 0.431065 0.498990 0.028934 0.123699
3 0.419360 0.557990 0.030274 0.162031
