1 0.237631 0.537600 0.039754 0.154026
3 0.380739 0.569715 0.028566 0.160000
1 0.300274 0.510017 0.025290 0.121877
2 0.562872 0.397841 0.036120 0.136681
3 0.574240 0.584981 0.035114 0.167873
1 0.182683 0.479183 0.030761 0.116633
3 0.409060 0.609064 0.036350 0.191736
1 0.259971 0.487097 0.029225 0.112947
1 0.186195 0.492055 0.034245 0.143287
3 0.221351 0.606947 0.033645 0.171594
1 0.380361 0.494869 0.024118 0.112389
1 0.413243 0.491118 0.027575 0.096999
1 0.410655 0.506324 0.031269 0.113600
3 0.407009 0.517086 0.029697 0.113819
