1 0.337906 0.517442 0.027116 0.125506
3 0.318963 0.612234 0.061337 0.200410
1 0.479506 0.497103 0.026391 0.135283
1 0.314548 0.506223 0.023713 0.107628
1 0.288187 0.481323 0.025215 0.108459
3 0.496427 0.522950 0.029517 0.133186
3 0.565789 0.558679 0.041680 0.118903
3 0.509008 0.544915 0.051843 0.184752
2 0.565551 0.399481 0.030835 0.135834
3 0.501405 0.535311 0.038795 0.156048
3 0.516610 0.554452 0.040685 0.163892
3 0.238039 0.563709 0.055294 0.142571
3 0.518649 0.570350 0.034195 0.122827
3 0.673753 0.609559 0.046953 0.161801
1 0.445512 0.476014 0.024748 0.109319
1 0.182691 0.554441 0.038940 0.137053
3 0.478716 0.505335 0.024581 0.129620
