1 0.369086 0.525156 0.024752 0.127081
3 0.337446 0.580360 0.034283 0.172933
3 0.519064 0.546775 0.033969 0.156565
3 0.310670 0.544594 0.032289 0.157308
1 0.349717 0.496541 0.022234 0.112949
1 0.263541 0.491659 0.025554 0.118864
1 0.419552 0.494853 0.023506 0.117789
2 0.565749 0.398619 0.031203 0.132392
1 0.224241 0.508518 0.040236 0.136273
3 0.606975 0.512911 0.027238 0.122581
1 0.438127 0.487936 0.027549 0.120163
3 0.468673 0.552472 0.027670 0.139982
3 0.477490 0.531006 0.023808 0.149399
3 0.473421 0.547452 0.027558 0.148373
