3 0.590923 0.572189 0.045461 0.176560
3 0.422546 0.625380 0.048286 0.155029
1 0.330956 0.527549 0.032674 0.142131
1 0.188296 0.517726 0.030446 0.126747
3 0.310412 0.584763 0.051103 0.174621
3 0.449278 0.549015 0.033261 0.159743
1 0.392542 0.512519 0.028067 0.133328
1 0.265761 0.491664 0.028646 0.121132
2 0.564838 0.399838 0.031815 0.138225
3 0.654460 0.553193 0.035694 0.142485
1 0.408554 0.491842 0.023243 0.104885
1 0.333727 0.497834 0.031298 0.178480
1 0.335828 0.458160 0.026979 0.086663
3 0.447107 0.497336 0.029676 0.106823
3 0.449877 0.511793 0.030286 0.139440
