3 0.590333 0.563976 0.038365 0.171110
1 0.332183 0.520212 0.025329 0.137313
3 0.312209 0.589175 0.041186 0.178977
2 0.562988 0.399765 0.034290 0.135795
3 0.416032 0.624605 0.048341 0.207972
1 0.195426 0.517388 0.032145 0.131258
3 0.471949 0.589552 0.040289 0.164399
3 0.616211 0.536451 0.025540 0.138452
1 0.348160 0.497994 0.022700 0.111945
1 0.320158 0.477872 0.025269 0.109891
1 0.327500 0.511523 0.022985 0.136244
1 0.336708 0.516369 0.027207 0.142977
1 0.311949 0.494777 0.034956 0.105497
3 0.413889 0.507785 0.028117 0.117598
1 0.307840 0.499923 0.026680 0.087090
