1 0.300596 0.529551 0.028512 0.149492
3 0.264588 0.589159 0.031600 0.161058
1 0.353836 0.514651 0.020997 0.124658
3 0.401252 0.552865 0.024476 0.147181
3 0.451385 0.567782 0.033312 0.171430
2 0.565355 0.398949 0.030550 0.135390
1 0.326066 0.479862 0.024019 0.116641
3 0.580819 0.544528 0.028906 0.140301
3 0.618698 0.539483 0.032285 0.152611
1 0.387940 0.516243 0.026761 0.134638
3 0.430306 0.555943 0.025131 0.162876
1 0.344940 0.515864 0.025681 0.125667
1 0.333892 0.490900 0.027593 0.128635
3 0.395945 0.543535 0.028922 0.156118
