0 0.380393 0.285466 0.021372 0.040427
1 0.305757 0.525408 0.031236 0.146092
3 0.539597 0.580278 0.040744 0.178350
3 0.289370 0.587734 0.034459 0.166052
3 0.626996 0.544997 0.036512 0.140805
1 0.252020 0.520033 0.026742 0.122872
1 0.400984 0.495438 0.022358 0.109692
3 0.573409 0.541177 0.031872 0.152737
3 0.419812 0.522913 0.027289 0.138954
1 0.381614 0.505776 0.026079 0.121779
3 0.379561 0.597701 0.038203 0.146832
2 0.564745 0.399643 0.030689 0.134141
1 0.247337 0.508873 0.032225 0.148973
1 0.291644 0.480498 0.026691 0.104074
1 0.295948 0.490060 0.032486 0.113521
