3 0.413838 0.551593 0.034177 0.174414
3 0.424478 0.542628 0.027072 0.159071
1 0.331252 0.521945 0.032261 0.149676
1 0.279467 0.476552 0.026306 0.115577
1 0.259799 0.523019 0.026525 0.102832
3 0.386954 0.608435 0.040093 0.191859
3 0.272680 0.592500 0.036019 0.154525
1 0.406723 0.478296 0.024568 0.089166
1 0.193665 0.497136 0.029177 0.116848
1 0.379523 0.503583 0.027137 0.106222
3 0.407748 0.560920 0.028890 0.156036
2 0.566201 0.400628 0.028345 0.137205
1 0.275282 0.478897 0.025948 0.112777
3 0.560220 0.604548 0.059195 0.177139
