3 0.313655 0.569260 0.035867 0.166830
3 0.254591 0.592656 0.039659 0.178432
1 0.404954 0.508537 0.028904 0.129709
1 0.365712 0.519458 0.024123 0.146110
1 0.338779 0.521126 0.027803 0.128874
1 0.289297 0.512879 0.025718 0.129199
3 0.389922 0.640612 0.038017 0.210002
1 0.383674 0.500709 0.021504 0.118551
3 0.481120 0.562878 0.031886 0.150100
2 0.567949 0.400069 0.026919 0.137397
0 0.325846 0.868564 0.030332 0.058322
3 0.525099 0.580845 0.027545 0.156762
3 0.504025 0.528124 0.027611 0.146903
1 0.291045 0.494141 0.027457 0.156638
1 0.397229 0.505119 0.029198 0.124388
3 0.499316 0.538706 0.025266 0.163646
