1 0.326100 0.524627 0.034329 0.140347
3 0.447018 0.541862 0.029162 0.151842
3 0.608599 0.585626 0.044640 0.166484
3 0.567585 0.566292 0.038637 0.143763
1 0.278429 0.522309 0.027095 0.112879
2 0.564734 0.400166 0.030154 0.137123
3 0.426401 0.548463 0.029365 0.154387
3 0.283918 0.601605 0.045164 0.162232
3 0.401259 0.609210 0.059577 0.195999
1 0.375874 0.492513 0.022526 0.111554
1 0.391258 0.501879 0.024698 0.105019
1 0.330783 0.498518 0.030705 0.129538
1 0.336383 0.479752 0.025538 0.116894
1 0.381359 0.496494 0.026253 0.109099
1 0.209534 0.458908 0.025251 0.094775
0 0.204138 0.282987 0.018951 0.027414
1 0.370615 0.483856 0.027641 0.117349
