1 0.345283 0.521946 0.026150 0.140613
1 0.411993 0.514822 0.033112 0.142962
3 0.305157 0.593174 0.039639 0.181799
3 0.551261 0.536466 0.030153 0.150547
3 0.586814 0.575386 0.042144 0.163604
2 0.565858 0.400020 0.031490 0.137804
1 0.379298 0.517075 0.022256 0.124146
3 0.233051 0.598641 0.042161 0.181492
1 0.292733 0.500706 0.026762 0.114302
3 0.488450 0.554193 0.028260 0.144625
3 0.439990 0.607074 0.044108 0.194581
1 0.277549 0.470623 0.026856 0.117280
1 0.362523 0.500321 0.019670 0.106749
1 0.365780 0.497580 0.021346 0.109447
1 0.358669 0.512849 0.024606 0.124385
