1 0.430230 0.474390 0.027288 0.117317
1 0.357812 0.519912 0.037545 0.144408
3 0.405626 0.613993 0.054119 0.197216
3 0.511333 0.591608 0.035879 0.154613
1 0.177732 0.508559 0.026985 0.115860
3 0.541322 0.558374 0.028810 0.176968
1 0.302643 0.479410 0.023708 0.111956
1 0.229104 0.520385 0.032765 0.118636
2 0.564450 0.399950 0.031433 0.137965
3 0.300189 0.607024 0.043781 0.189063
3 0.557301 0.532215 0.027686 0.137334
1 0.410080 0.508946 0.024096 0.117549
3 0.419480 0.528794 0.032242 0.148195
0 0.449420 0.280976 0.020216 0.030329
1 0.415017 0.524136 0.029786 0.141080
