3 0.589701 0.592870 0.043367 0.185427
1 0.440934 0.484477 0.027639 0.127212
1 0.466113 0.510951 0.027979 0.134462
3 0.452070 0.587304 0.037995 0.159182
1 0.223787 0.494964 0.029083 0.124756
3 0.294175 0.549331 0.029983 0.160146
3 0.569712 0.556954 0.028392 0.153285
2 0.566549 0.399624 0.030079 0.135253
3 0.325206 0.609266 0.042620 0.188425
1 0.265585 0.495912 0.028542 0.115820
0 0.519645 0.701942 0.025087 0.050306
1 0.377295 0.505240 0.030336 0.149205
1 0.299974 0.493352 0.022371 0.107218
3 0.373843 0.530894 0.035197 0.145613
1 0.374103 0.527587 0.035878 0.153417
1 0.299694 0.500595 0.027324 0.126129
1 0.378557 0.489323 0.026684 0.117003
