1 0.296774 0.531486 0.034998 0.137440
3 0.483228 0.544091 0.025679 0.141495
3 0.277303 0.592532 0.036422 0.189241
1 0.401191 0.513173 0.025136 0.133169
3 0.594854 0.576484 0.029751 0.157635
3 0.465118 0.590961 0.032340 0.181920
1 0.280818 0.467126 0.024819 0.110297
3 0.249799 0.594765 0.047411 0.180706
1 0.383278 0.516622 0.025290 0.143426
2 0.565977 0.399338 0.032436 0.135364
1 0.339161 0.493598 0.026864 0.103892
3 0.583067 0.529530 0.027696 0.154763
3 0.585409 0.547004 0.030393 0.182425
1 0.251470 0.491468 0.023798 0.108549
3 0.590129 0.553589 0.037286 0.199389
