3 0.267224 0.573808 0.044778 0.174958
1 0.354013 0.526165 0.027862 0.130026
3 0.337210 0.621140 0.046081 0.203066
3 0.454924 0.587547 0.035043 0.162812
1 0.436460 0.483420 0.026450 0.118552
3 0.583303 0.534418 0.027685 0.134702
1 0.211874 0.508095 0.030799 0.135091
1 0.318325 0.491667 0.026739 0.102748
2 0.564862 0.399721 0.032960 0.135932
3 0.859698 0.695062 0.057831 0.269130
1 0.383294 0.479300 0.024066 0.109908
3 0.394162 0.529710 0.026842 0.141942
1 0.257372 0.488476 0.027536 0.096412
1 0.385503 0.471284 0.023230 0.091427
