1 0.425673 0.493213 0.026465 0.110110
3 0.449970 0.528445 0.031514 0.140635
1 0.330145 0.532715 0.034376 0.140516
1 0.208791 0.531492 0.035727 0.136512
3 0.252729 0.575771 0.040028 0.150665
3 0.520554 0.522510 0.029015 0.144403
3 0.419957 0.557784 0.033954 0.157941
1 0.383709 0.512250 0.028916 0.139155
3 0.530730 0.589405 0.030153 0.157065
3 0.387581 0.623002 0.075588 0.161102
2 0.566275 0.398948 0.030102 0.132837
1 0.422905 0.501196 0.029105 0.131011
1 0.386001 0.473841 0.023892 0.098978
1 0.383533 0.481038 0.026963 0.122088
