1 0.351936 0.521132 0.026546 0.148128
3 0.601403 0.570105 0.038002 0.183232
3 0.443235 0.521302 0.024442 0.141694
1 0.203735 0.518366 0.036286 0.118572
3 0.455562 0.620712 0.054132 0.151192
2 0.566870 0.399330 0.027910 0.134482
1 0.403588 0.510920 0.029632 0.135434
3 0.313075 0.610640 0.054236 0.167175
1 0.332428 0.511848 0.023029 0.123724
3 0.680179 0.558300 0.035077 0.158988
3 0.461609 0.532328 0.026052 0.120815
1 0.293987 0.452777 0.027753 0.088397
3 0.457282 0.582316 0.042173 0.228174
1 0.410945 0.487693 0.023905 0.120177
1 0.406774 0.496894 0.027192 0.136014
3 0.462032 0.562612 0.036934 0.188435
1 0.336221 0.517012 0.022646 0.138778
3 0.462094 0.532670 0.035628 0.127883
