1 0.252161 0.517510 0.028784 0.126515
3 0.514434 0.528913 0.041163 0.151842
3 0.398123 0.591734 0.040543 0.181511
1 0.330767 0.524159 0.033584 0.147942
1 0.215906 0.495423 0.027409 0.122325
1 0.297129 0.488292 0.028999 0.112727
1 0.412788 0.513210 0.037006 0.140753
3 0.271896 0.576072 0.031748 0.150257
3 0.581706 0.532594 0.034559 0.135106
3 0.557978 0.582121 0.031300 0.162476
2 0.565410 0.400856 0.030677 0.137446
0 0.501762 0.264403 0.017093 0.030916
3 0.411940 0.533844 0.037009 0.137698
3 0.571581 0.572033 0.028974 0.174701
