3 0.293476 0.577349 0.041758 0.175692
3 0.370153 0.565580 0.036976 0.160720
1 0.270142 0.539693 0.030234 0.169248
3 0.398108 0.541879 0.031178 0.141928
3 0.569887 0.551803 0.034338 0.152428
3 0.621616 0.544707 0.035399 0.162587
2 0.566951 0.400433 0.028656 0.137326
1 0.381181 0.505436 0.025064 0.130994
1 0.420564 0.483490 0.025903 0.118716
1 0.306984 0.500902 0.025492 0.115722
1 0.263092 0.549075 0.037170 0.159470
1 0.260575 0.572966 0.034476 0.112910
1 0.273864 0.507132 0.030585 0.114238
1 0.153241 0.484647 0.023587 0.122768
1 0.385525 0.500662 0.027765 0.123188
