1 0.389689 0.513335 0.025375 0.136061
3 0.571063 0.579904 0.045962 0.171228
1 0.192281 0.517368 0.032012 0.125438
1 0.405051 0.487025 0.024734 0.102716
3 0.309985 0.585021 0.050042 0.171917
1 0.332274 0.524751 0.031121 0.144867
1 0.237512 0.496539 0.033870 0.129760
3 0.448734 0.556653 0.033356 0.146721
2 0.565399 0.400470 0.030831 0.138719
3 0.640984 0.553403 0.029262 0.138295
3 0.436509 0.626545 0.065272 0.143159
3 0.444966 0.532146 0.029387 0.168643
1 0.394485 0.507370 0.028393 0.136827
1 0.331813 0.434330 0.029815 0.106205
3 0.442676 0.497001 0.026083 0.101243
