1 0.344998 0.513423 0.028754 0.136327
1 0.320281 0.516694 0.026906 0.134267
3 0.542166 0.584612 0.065901 0.150250
1 0.219768 0.503539 0.033829 0.124850
1 0.375161 0.500428 0.023283 0.115627
2 0.565387 0.400331 0.030754 0.138067
3 0.322492 0.649418 0.062644 0.184004
3 0.289297 0.580766 0.032550 0.168718
3 0.372387 0.618742 0.057498 0.130534
1 0.432715 0.502346 0.028602 0.136935
1 0.379801 0.492071 0.031045 0.121437
1 0.386795 0.485301 0.033828 0.127204
3 0.554234 0.519479 0.033261 0.115269
1 0.921103 0.590477 0.056125 0.213243
1 0.327502 0.513380 0.030218 0.135440
