3 0.414421 0.544597 0.036220 0.152746
1 0.400419 0.497431 0.029818 0.126107
3 0.351366 0.586205 0.040520 0.174922
1 0.302717 0.499411 0.028867 0.118189
3 0.256624 0.585660 0.034696 0.152898
3 0.480153 0.548036 0.031535 0.141200
1 0.198887 0.503741 0.025431 0.109497
1 0.361490 0.524243 0.027746 0.135555
2 0.565875 0.399884 0.030753 0.137330
3 0.552526 0.552130 0.041728 0.156166
1 0.272565 0.487092 0.028046 0.113189
3 0.442999 0.553196 0.028419 0.151076
1 0.344586 0.465964 0.023770 0.096998
1 0.360545 0.506031 0.026614 0.100319
