3 0.384223 0.620810 0.045078 0.204428
3 0.565933 0.535494 0.026105 0.136457
1 0.308350 0.526295 0.028228 0.129832
3 0.451642 0.547957 0.035177 0.169181
1 0.383905 0.479206 0.024740 0.099859
1 0.344327 0.513967 0.028816 0.138194
3 0.607631 0.554392 0.031049 0.166807
2 0.566198 0.400354 0.028443 0.136027
3 0.265047 0.600976 0.042171 0.155142
3 0.419555 0.552551 0.030896 0.155128
1 0.155698 0.475486 0.026281 0.120001
1 0.340389 0.504653 0.031960 0.155357
0 0.212764 0.778311 0.024182 0.042123
1 0.335150 0.494627 0.024888 0.142242
