1 0.335611 0.513861 0.024506 0.128138
1 0.468886 0.502787 0.025171 0.136175
3 0.512624 0.562437 0.052349 0.149650
3 0.572042 0.540769 0.038218 0.137509
0 0.378994 0.333212 0.020718 0.033105
3 0.326754 0.612673 0.046417 0.199178
1 0.272029 0.483335 0.031270 0.113023
3 0.232594 0.571664 0.037991 0.139478
1 0.453312 0.472539 0.026313 0.119422
2 0.565126 0.400373 0.030712 0.137360
3 0.498077 0.535249 0.027847 0.161368
1 0.312072 0.512514 0.028198 0.112221
3 0.659876 0.629090 0.051041 0.119429
1 0.455331 0.478730 0.018107 0.111171
1 0.465530 0.490287 0.025841 0.130235
1 0.458693 0.474660 0.025741 0.111461
