3 0.317760 0.594939 0.041397 0.187958
1 0.331694 0.524677 0.024254 0.124576
1 0.217014 0.520548 0.038345 0.141023
3 0.439346 0.573402 0.038859 0.169330
3 0.843190 0.620294 0.036565 0.199323
3 0.403745 0.537273 0.028947 0.142413
1 0.326059 0.481202 0.028134 0.129472
2 0.568535 0.399420 0.027497 0.134591
1 0.273656 0.506059 0.024190 0.122363
3 0.353121 0.535659 0.027482 0.145408
1 0.322401 0.475718 0.027664 0.115055
1 0.262524 0.495582 0.026990 0.109842
1 0.267301 0.497396 0.030329 0.119035
1 0.352543 0.534232 0.029739 0.144351
3 0.445417 0.520932 0.029185 0.142981
