1 0.364279 0.507534 0.028979 0.133263
3 0.261557 0.585559 0.032121 0.154572
3 0.413764 0.582997 0.043143 0.177597
1 0.397123 0.499739 0.030035 0.111461
3 0.579394 0.562406 0.037074 0.157860
1 0.291708 0.528694 0.025965 0.130063
2 0.564891 0.400427 0.032047 0.137037
1 0.374208 0.467976 0.024299 0.107137
3 0.459651 0.553820 0.038728 0.166724
3 0.207298 0.664551 0.037791 0.229091
1 0.132824 0.477639 0.027931 0.109025
1 0.386771 0.491426 0.025895 0.111834
1 0.298682 0.491514 0.023714 0.105627
3 0.468585 0.551630 0.033770 0.167817
