1 0.379854 0.481492 0.022619 0.108427
3 0.631710 0.570345 0.035871 0.183812
1 0.282062 0.533278 0.024966 0.128943
1 0.397973 0.511827 0.027641 0.130556
3 0.420112 0.552704 0.031969 0.155910
1 0.317391 0.520182 0.029104 0.146137
3 0.387308 0.622978 0.041807 0.202347
2 0.562750 0.399429 0.035578 0.137918
3 0.594027 0.549209 0.035188 0.149475
1 0.178363 0.460509 0.024665 0.093280
3 0.456621 0.546891 0.031751 0.166179
3 0.261263 0.599718 0.039001 0.165216
1 0.281312 0.502871 0.023659 0.164465
1 0.280713 0.473247 0.024399 0.111011
