3 0.307362 0.577769 0.045025 0.178649
1 0.333273 0.525165 0.026807 0.137866
3 0.465294 0.526559 0.031297 0.141134
1 0.257098 0.518217 0.029588 0.143687
3 0.609284 0.576600 0.035397 0.162087
1 0.211127 0.489210 0.025551 0.115271
3 0.435957 0.558613 0.037939 0.167732
1 0.370712 0.504424 0.025293 0.126313
3 0.355530 0.543370 0.025889 0.147395
1 0.325605 0.494528 0.022631 0.143839
1 0.340801 0.514297 0.023695 0.135363
2 0.569448 0.399630 0.025196 0.134192
1 0.340588 0.522975 0.030442 0.145701
3 0.365118 0.516988 0.025182 0.150208
