1 0.380623 0.511320 0.027472 0.145315
1 0.265937 0.458270 0.022318 0.084620
3 0.533623 0.529579 0.026743 0.144123
1 0.403011 0.485908 0.024813 0.103311
3 0.442893 0.609103 0.040049 0.193867
3 0.336281 0.609857 0.041809 0.179815
1 0.292233 0.481336 0.030405 0.110588
3 0.411831 0.555458 0.035849 0.158785
2 0.566199 0.397508 0.029363 0.132127
1 0.399989 0.495866 0.027852 0.126123
3 0.552027 0.600095 0.036173 0.169148
1 0.394293 0.504982 0.019609 0.141261
3 0.563608 0.522048 0.027948 0.143120
1 0.389878 0.487935 0.022957 0.115619
3 0.555950 0.567004 0.036798 0.237778
3 0.542875 0.564316 0.026772 0.211041
