3 0.448605 0.539948 0.032398 0.155802
1 0.420168 0.503335 0.027260 0.134116
3 0.265781 0.575719 0.035008 0.166410
3 0.312867 0.578260 0.033696 0.162507
2 0.566330 0.399329 0.029043 0.137846
1 0.331341 0.505498 0.028099 0.124762
3 0.563127 0.586971 0.034399 0.160352
1 0.195098 0.513188 0.028321 0.126020
3 0.393360 0.581500 0.061201 0.171057
3 0.292053 0.591477 0.027854 0.151530
1 0.281901 0.494881 0.028456 0.118183
1 0.384012 0.511007 0.029667 0.109028
1 0.105405 0.477082 0.024170 0.103036
1 0.256484 0.499761 0.025616 0.093203
