3 0.416763 0.607131 0.046041 0.194571
1 0.299807 0.502188 0.026087 0.110168
1 0.382907 0.512021 0.027517 0.126608
3 0.351461 0.539604 0.040171 0.153364
1 0.418020 0.481484 0.025146 0.109394
1 0.254465 0.491876 0.027341 0.109429
3 0.489869 0.583452 0.033153 0.162020
1 0.185274 0.502025 0.030853 0.130136
3 0.283134 0.593320 0.042774 0.163188
3 0.626250 0.562284 0.046840 0.185620
3 0.455288 0.522412 0.022625 0.146681
2 0.568195 0.398756 0.026079 0.134898
1 0.342639 0.461377 0.025629 0.084696
0 0.267773 0.369653 0.019476 0.024616
