3 0.268540 0.569720 0.038885 0.167617
3 0.339280 0.621605 0.045201 0.204424
1 0.315482 0.491105 0.030262 0.105543
1 0.349728 0.518120 0.029670 0.120040
3 0.454255 0.587314 0.035201 0.163133
1 0.211206 0.507829 0.029808 0.136624
1 0.437369 0.483434 0.026319 0.115799
3 0.587030 0.534790 0.032847 0.130074
3 0.853685 0.681278 0.056468 0.270665
2 0.565063 0.400555 0.032153 0.137181
1 0.250469 0.497078 0.030234 0.117527
3 0.395011 0.531338 0.027914 0.145331
1 0.383176 0.480306 0.024664 0.107546
1 0.351450 0.543143 0.033767 0.173656
