0 0.340756 0.197253 0.018428 0.037736
1 0.307704 0.514748 0.027996 0.119508
1 0.179807 0.524661 0.027990 0.123341
1 0.422345 0.511766 0.024796 0.136662
3 0.323253 0.605956 0.038918 0.188744
3 0.416700 0.583057 0.026227 0.151738
1 0.224663 0.500485 0.030062 0.119886
3 0.293226 0.585101 0.030854 0.144844
1 0.334994 0.484739 0.031726 0.108673
2 0.566037 0.399888 0.029324 0.135943
3 0.533909 0.546326 0.029119 0.158749
3 0.402531 0.561175 0.023655 0.164400
1 0.396658 0.516255 0.029415 0.151110
3 0.539156 0.546896 0.031204 0.158048
3 0.547891 0.546599 0.022737 0.156132
1 0.397356 0.490402 0.027814 0.100298
1 0.329557 0.489336 0.030243 0.119409
3 0.551039 0.535088 0.022121 0.136359
1 0.398252 0.549468 0.027341 0.165074
