1 0.411204 0.487858 0.027372 0.124299
3 0.272608 0.591119 0.035421 0.160892
2 0.567241 0.400614 0.035591 0.137105
3 0.579218 0.539795 0.025818 0.143195
1 0.185661 0.514795 0.030449 0.130049
1 0.232633 0.501931 0.029601 0.112745
3 0.431494 0.534431 0.031454 0.145410
1 0.302582 0.485453 0.027064 0.106452
3 0.323091 0.602607 0.028905 0.183504
1 0.479228 0.505520 0.027599 0.122607
3 0.764743 0.615780 0.052008 0.206734
3 0.349851 0.611920 0.037650 0.192836
1 0.347679 0.471453 0.025083 0.110735
0 0.387968 0.839742 0.023662 0.055615
