1 0.212566 0.515587 0.032826 0.131539
3 0.267548 0.580830 0.036088 0.151452
3 0.425813 0.585990 0.038028 0.184688
3 0.577465 0.538325 0.027555 0.142643
3 0.341778 0.607988 0.050221 0.187873
1 0.416427 0.479547 0.027380 0.110633
1 0.254395 0.503799 0.029777 0.109587
1 0.484518 0.506858 0.028740 0.120158
3 0.819006 0.607889 0.043383 0.209139
1 0.284369 0.488400 0.029089 0.119735
1 0.414849 0.502404 0.031807 0.143901
1 0.344548 0.482401 0.029586 0.115633
2 0.567578 0.399309 0.028135 0.136996
3 0.404435 0.528958 0.024539 0.142543
1 0.404886 0.527667 0.024164 0.141609
