1 0.377159 0.507991 0.023852 0.125598
3 0.454707 0.558809 0.039016 0.133459
3 0.397624 0.606632 0.039699 0.189839
1 0.303845 0.524925 0.026706 0.129898
1 0.343695 0.518527 0.029087 0.143322
3 0.617725 0.574148 0.042934 0.159381
1 0.320354 0.480862 0.025177 0.113767
3 0.271913 0.603667 0.038599 0.151683
2 0.566723 0.398816 0.030393 0.137392
3 0.492770 0.534196 0.034416 0.138191
1 0.114103 0.472728 0.021972 0.103313
3 0.498348 0.598798 0.052729 0.151765
3 0.493471 0.562061 0.038111 0.194742
1 0.336213 0.500748 0.027091 0.138701
1 0.314294 0.496795 0.026261 0.142094
3 0.500472 0.570658 0.044226 0.201647
1 0.288801 0.482188 0.020854 0.090516
