1 0.303423 0.520179 0.028102 0.134973
3 0.321542 0.616336 0.038325 0.194590
3 0.539871 0.576006 0.039408 0.161849
3 0.571346 0.532351 0.029703 0.135641
1 0.269662 0.504383 0.027934 0.120316
1 0.392329 0.496626 0.027310 0.138902
1 0.369672 0.508082 0.029918 0.129333
3 0.439250 0.523329 0.028735 0.138683
2 0.565188 0.400219 0.030772 0.136510
3 0.371231 0.615557 0.065015 0.147530
1 0.398761 0.482030 0.025266 0.126392
3 0.328466 0.546484 0.034041 0.129439
1 0.375154 0.506741 0.022485 0.124678
1 0.375625 0.506923 0.032409 0.124083
3 0.324471 0.578119 0.038063 0.196037
