1 0.405779 0.513259 0.023451 0.134409
1 0.334682 0.519807 0.031574 0.147522
3 0.430488 0.528423 0.028278 0.148241
1 0.276787 0.530791 0.026340 0.130615
1 0.308836 0.475112 0.023710 0.110466
3 0.453202 0.550787 0.028330 0.157717
3 0.552050 0.583786 0.048935 0.181825
3 0.480190 0.587617 0.040150 0.179920
1 0.383755 0.495261 0.024289 0.110612
3 0.265896 0.590374 0.042473 0.152840
1 0.214837 0.492277 0.024990 0.117676
2 0.566688 0.400008 0.027286 0.133905
3 0.654712 0.532125 0.030512 0.143029
1 0.401568 0.509963 0.022116 0.137337
1 0.272082 0.564444 0.037035 0.196934
