3 0.452412 0.586646 0.036059 0.161755
1 0.387364 0.504985 0.030690 0.161103
1 0.450383 0.478161 0.025275 0.115922
1 0.253579 0.495141 0.029052 0.122205
3 0.303812 0.608973 0.039840 0.194643
3 0.516462 0.517984 0.031570 0.128421
3 0.321771 0.541798 0.037593 0.161528
2 0.568494 0.399877 0.028324 0.134759
1 0.194642 0.510774 0.031660 0.135356
3 0.748059 0.664836 0.055739 0.243694
1 0.390006 0.520252 0.030886 0.134712
1 0.315917 0.484713 0.029872 0.096242
3 0.417360 0.521548 0.025820 0.135949
3 0.315331 0.539984 0.034220 0.154192
1 0.383096 0.490298 0.026596 0.130713
