1 0.458491 0.482388 0.024930 0.126996
3 0.351462 0.533577 0.035051 0.142910
1 0.268595 0.495030 0.031403 0.127388
3 0.584781 0.602445 0.046088 0.197306
3 0.388179 0.627621 0.036919 0.187378
2 0.572110 0.399689 0.037188 0.137935
1 0.198360 0.514101 0.033217 0.123168
1 0.164665 0.522109 0.026163 0.119681
3 0.482663 0.513224 0.024874 0.137064
0 0.834030 0.597521 0.023215 0.033523
3 0.305650 0.547678 0.032736 0.150624
1 0.366416 0.480700 0.026226 0.108445
1 0.306070 0.485274 0.027865 0.108828
3 0.858890 0.614545 0.063472 0.191969
