1 0.248317 0.497416 0.031820 0.132455
1 0.454573 0.481990 0.031317 0.125407
1 0.200928 0.515226 0.029795 0.131799
3 0.497902 0.512998 0.033355 0.140638
3 0.766084 0.612287 0.037376 0.192928
3 0.555206 0.588865 0.039367 0.183443
2 0.568201 0.399844 0.026626 0.134934
1 0.176935 0.529769 0.023857 0.118631
3 0.301064 0.544175 0.031123 0.156344
3 0.391429 0.618474 0.041424 0.179045
1 0.382950 0.486290 0.026747 0.104930
3 0.375738 0.530050 0.029217 0.146374
1 0.309002 0.482554 0.026506 0.105764
1 0.286444 0.447233 0.021383 0.098726
