3 0.609188 0.576593 0.040093 0.181562
1 0.339483 0.487408 0.024007 0.121809
1 0.321173 0.526270 0.030201 0.147276
1 0.400969 0.500495 0.029820 0.122910
3 0.434022 0.523673 0.026481 0.142802
3 0.404243 0.611767 0.038128 0.179998
3 0.453299 0.552191 0.033643 0.162525
3 0.284033 0.589501 0.047172 0.182142
1 0.357335 0.500683 0.023308 0.111707
2 0.566378 0.399771 0.029141 0.137227
3 0.447668 0.539220 0.027321 0.161290
1 0.335510 0.478188 0.029321 0.121697
1 0.346923 0.496138 0.023321 0.110443
1 0.180958 0.450405 0.022958 0.103344
1 0.404300 0.484143 0.026533 0.114010
