1 0.284082 0.532328 0.025041 0.148751
3 0.327591 0.621167 0.044226 0.201044
1 0.328036 0.495273 0.024237 0.105643
3 0.302473 0.577571 0.031171 0.173478
3 0.469219 0.582242 0.037277 0.159528
3 0.693698 0.567393 0.036462 0.180864
1 0.200887 0.498339 0.032342 0.116295
1 0.144070 0.487156 0.026468 0.114137
2 0.566119 0.399826 0.031705 0.134297
1 0.301495 0.477903 0.024709 0.112536
3 0.408619 0.521418 0.028750 0.147792
3 0.671008 0.533128 0.026382 0.103223
1 0.303964 0.522305 0.029602 0.208831
1 0.294019 0.556233 0.023293 0.146467
1 0.413433 0.507545 0.025240 0.129391
