1 0.289832 0.536524 0.040166 0.139313
3 0.406176 0.539157 0.034489 0.147490
3 0.366049 0.543930 0.037017 0.154514
3 0.432713 0.531647 0.023109 0.128737
1 0.222117 0.499153 0.024964 0.120582
1 0.246314 0.511954 0.032169 0.134364
2 0.565254 0.399010 0.032193 0.135385
3 0.492025 0.529679 0.036886 0.137446
3 0.458899 0.555508 0.028819 0.150822
3 0.485102 0.537716 0.028649 0.134860
1 0.297904 0.471686 0.030064 0.117964
1 0.248466 0.538127 0.029752 0.079889
1 0.362499 0.489249 0.026225 0.096091
1 0.397170 0.466588 0.022289 0.073596
