1 0.404344 0.491651 0.021141 0.111256
1 0.209785 0.516413 0.029583 0.123340
3 0.321026 0.606344 0.039842 0.190533
3 0.596262 0.581778 0.039320 0.182964
3 0.423402 0.520777 0.029340 0.140562
3 0.513972 0.552158 0.035574 0.168084
1 0.307948 0.527109 0.033314 0.156944
1 0.391627 0.513827 0.026267 0.140766
3 0.445559 0.610746 0.037573 0.178019
1 0.264431 0.481240 0.029716 0.117997
2 0.565396 0.399942 0.031426 0.137578
3 0.645106 0.552699 0.037333 0.139201
1 0.308727 0.460041 0.027075 0.087488
1 0.309553 0.471830 0.028874 0.129382
