3 0.358112 0.634626 0.068708 0.197200
1 0.213944 0.512625 0.026765 0.140157
3 0.584014 0.530537 0.027548 0.132190
1 0.368581 0.492835 0.022874 0.114611
3 0.298943 0.591243 0.042293 0.166076
3 0.407865 0.600651 0.060024 0.136340
1 0.311754 0.500491 0.032696 0.122613
1 0.355393 0.505107 0.023847 0.129366
1 0.287414 0.513534 0.027896 0.102757
3 0.533217 0.567446 0.069462 0.136302
2 0.565375 0.400452 0.030876 0.137359
3 0.455375 0.520419 0.039206 0.123312
1 0.362366 0.502564 0.030816 0.132946
3 0.305168 0.595021 0.036420 0.167626
