1 0.253287 0.488655 0.028061 0.110867
1 0.323985 0.529021 0.036930 0.126575
1 0.170543 0.514689 0.028266 0.122731
3 0.253188 0.598286 0.040264 0.161692
3 0.390197 0.601306 0.045768 0.188932
3 0.559322 0.527729 0.030309 0.148283
2 0.564538 0.400143 0.031556 0.137874
3 0.409062 0.568784 0.041390 0.142282
3 0.527038 0.512193 0.028431 0.120498
3 0.538223 0.595258 0.046165 0.156456
1 0.405524 0.492769 0.031863 0.106291
1 0.224328 0.450489 0.022877 0.117128
1 0.407342 0.530967 0.037189 0.186441
3 0.534102 0.576627 0.041187 0.199494
