1 0.251594 0.497907 0.026510 0.131346
3 0.463109 0.578730 0.043608 0.177374
1 0.186893 0.526000 0.027768 0.126228
3 0.279754 0.561093 0.037648 0.156758
2 0.573016 0.399083 0.036912 0.137531
1 0.383968 0.482736 0.026889 0.113345
3 0.391279 0.634019 0.038293 0.185921
1 0.441685 0.484293 0.024816 0.122712
3 0.415201 0.547779 0.034287 0.135048
1 0.422278 0.490263 0.024076 0.113387
3 0.726663 0.610799 0.042413 0.205999
1 0.434603 0.488894 0.025961 0.116679
1 0.430493 0.487006 0.019714 0.115882
1 0.320539 0.490495 0.029522 0.113203
3 0.518764 0.512544 0.028186 0.134753
1 0.431446 0.497387 0.026650 0.099125
