3 0.445119 0.558582 0.033761 0.161345
1 0.405437 0.484911 0.032493 0.097334
3 0.469595 0.530842 0.028671 0.142284
3 0.376986 0.589168 0.042390 0.188277
1 0.165522 0.518600 0.038320 0.131298
1 0.259940 0.516647 0.038669 0.135393
1 0.363334 0.516504 0.029946 0.123125
3 0.316340 0.557150 0.034389 0.143042
2 0.565665 0.399404 0.031117 0.136121
3 0.615986 0.544495 0.031441 0.146477
3 0.672763 0.571560 0.039168 0.175437
1 0.289037 0.492665 0.020291 0.105281
1 0.368692 0.496198 0.030102 0.105299
1 0.375973 0.475360 0.023179 0.089578
