3 0.455564 0.597972 0.041195 0.187475
1 0.408588 0.510325 0.026178 0.141977
3 0.368063 0.604477 0.046629 0.168664
3 0.388802 0.539393 0.024652 0.145935
1 0.365196 0.505259 0.022495 0.106747
1 0.285127 0.478588 0.022758 0.110210
3 0.559707 0.591632 0.057493 0.147667
1 0.164893 0.472900 0.027238 0.107758
1 0.320978 0.498915 0.028493 0.112982
2 0.566713 0.398508 0.028230 0.133480
3 0.541281 0.523268 0.025051 0.120902
3 0.564249 0.528925 0.027949 0.146557
3 0.562459 0.554839 0.040714 0.206643
3 0.567074 0.537149 0.036552 0.167048
