3 0.262819 0.591722 0.042277 0.179834
1 0.214649 0.513618 0.034723 0.133925
3 0.425512 0.598210 0.056537 0.182691
3 0.573672 0.577497 0.047005 0.164422
2 0.564107 0.399454 0.032801 0.133863
3 0.301816 0.588830 0.043302 0.189177
3 0.519685 0.551335 0.029592 0.142404
1 0.355720 0.518237 0.030210 0.145192
1 0.363706 0.516423 0.030808 0.148660
1 0.349182 0.517409 0.031378 0.148546
1 0.274147 0.454551 0.026210 0.096534
1 0.338327 0.507925 0.021636 0.148319
1 0.342290 0.511739 0.027687 0.154232
1 0.336932 0.483237 0.023555 0.104104
