1 0.380716 0.483520 0.027334 0.108072
1 0.326089 0.520688 0.030449 0.156471
1 0.285478 0.530837 0.028913 0.132833
3 0.580764 0.538785 0.030624 0.140337
3 0.386156 0.618694 0.045928 0.201102
3 0.641582 0.566763 0.033371 0.177698
3 0.266770 0.594957 0.037861 0.162732
3 0.419378 0.552944 0.031911 0.155470
2 0.566707 0.399927 0.029326 0.137036
1 0.405494 0.511595 0.024661 0.127119
3 0.455204 0.546283 0.031088 0.163876
1 0.185812 0.465835 0.024246 0.090346
1 0.391796 0.493091 0.025093 0.107522
1 0.401900 0.506513 0.025809 0.126927
