3 0.617205 0.552864 0.037743 0.166762
3 0.461310 0.586737 0.041800 0.185821
3 0.346056 0.629406 0.040884 0.186012
1 0.352319 0.529211 0.030727 0.126404
3 0.400888 0.541643 0.031899 0.137127
3 0.498740 0.520212 0.034357 0.137497
1 0.369403 0.482890 0.025288 0.113390
2 0.566391 0.398925 0.029222 0.135509
1 0.231466 0.519475 0.028949 0.126138
0 0.320285 0.288590 0.020268 0.031089
1 0.307056 0.495542 0.027812 0.109477
3 0.286342 0.546463 0.038326 0.157288
1 0.483274 0.476472 0.023047 0.115190
1 0.228592 0.494123 0.029626 0.122498
1 0.364197 0.521221 0.027689 0.125004
