3 0.483187 0.574953 0.037888 0.175856
3 0.622019 0.568261 0.035161 0.151046
1 0.165999 0.520988 0.031539 0.132430
3 0.361862 0.617210 0.054020 0.138149
1 0.417556 0.501004 0.025906 0.124595
1 0.256185 0.491275 0.031236 0.122852
1 0.394718 0.494141 0.025118 0.115672
2 0.565414 0.399096 0.031788 0.137321
1 0.391017 0.517942 0.031321 0.155867
3 0.505250 0.512931 0.033336 0.145405
1 0.311026 0.487544 0.021609 0.094291
1 0.361870 0.520650 0.026278 0.115441
3 0.301694 0.551387 0.047827 0.157793
1 0.387036 0.530485 0.035730 0.139663
1 0.401911 0.499501 0.025086 0.127034
1 0.172134 0.519957 0.032194 0.130813
