3 0.460008 0.587596 0.039009 0.186051
1 0.235508 0.508706 0.034575 0.119824
3 0.601794 0.578961 0.036664 0.164407
3 0.541217 0.532130 0.029199 0.145461
1 0.410099 0.510264 0.025458 0.144160
2 0.565048 0.398041 0.031025 0.131971
1 0.373575 0.515214 0.022800 0.140338
3 0.359100 0.603288 0.042082 0.171877
3 0.569379 0.527715 0.027887 0.143551
1 0.164686 0.473238 0.027425 0.110069
1 0.272229 0.479974 0.025439 0.108766
1 0.392005 0.507313 0.021157 0.146810
3 0.390614 0.533375 0.028299 0.156663
1 0.392459 0.487369 0.021674 0.102363
