3 0.273569 0.573509 0.036767 0.172275
1 0.343624 0.527817 0.026401 0.124666
1 0.248554 0.502731 0.027124 0.122318
1 0.457023 0.479246 0.028253 0.123082
1 0.202776 0.508260 0.030999 0.133694
3 0.542618 0.522525 0.026400 0.120806
1 0.378899 0.483171 0.029648 0.113405
2 0.564575 0.398907 0.032519 0.135349
1 0.326641 0.490324 0.024463 0.098530
3 0.420889 0.524352 0.026386 0.139823
3 0.326015 0.609842 0.041470 0.189043
1 0.327346 0.509257 0.023427 0.134290
3 0.475886 0.598185 0.038411 0.169459
3 0.777978 0.653280 0.045251 0.241044
