3 0.362831 0.617958 0.039633 0.196160
1 0.396556 0.514611 0.028245 0.132203
1 0.370512 0.489958 0.025477 0.105746
3 0.571998 0.569486 0.039993 0.171740
0 0.378393 0.326718 0.018451 0.036745
3 0.257022 0.598539 0.034280 0.177106
3 0.412440 0.600762 0.034136 0.163589
1 0.291986 0.494080 0.030487 0.125493
1 0.141884 0.508440 0.028352 0.112230
2 0.564268 0.400063 0.031005 0.137456
1 0.265389 0.483818 0.028278 0.108013
1 0.333277 0.525070 0.024057 0.157177
3 0.346655 0.541284 0.032956 0.149739
3 0.409567 0.576143 0.030995 0.107772
