1 0.335315 0.528586 0.026974 0.133215
1 0.254185 0.502295 0.027918 0.121003
1 0.432420 0.487380 0.027745 0.127201
3 0.274232 0.558578 0.035569 0.167016
2 0.572938 0.399783 0.036012 0.137594
3 0.364083 0.618931 0.046278 0.201269
1 0.205224 0.509700 0.031726 0.133800
3 0.454604 0.589089 0.033342 0.160605
3 0.584791 0.532942 0.034349 0.141583
1 0.309865 0.493494 0.025091 0.102562
3 0.734188 0.658476 0.050168 0.237548
1 0.372046 0.479404 0.029335 0.110959
3 0.370313 0.523491 0.027697 0.123948
1 0.371069 0.510695 0.028639 0.115629
