0 0.219792 0.468056 0.011458 0.025000
2 0.566667 0.394907 0.023958 0.134259
3 0.284635 0.598611 0.029687 0.175000
3 0.396875 0.604630 0.038542 0.188889
3 0.376563 0.572222 0.041667 0.172222
3 0.585156 0.582407 0.033854 0.172222
3 0.461198 0.535185 0.039062 0.146296
3 0.567969 0.534259 0.030729 0.153704
1 0.166406 0.470370 0.026562 0.098148
1 0.228906 0.537037 0.034896 0.146296
1 0.253646 0.487037 0.022917 0.103704
1 0.338281 0.498611 0.026562 0.104630
1 0.357552 0.496759 0.023438 0.102778
1 0.432812 0.510185 0.023958 0.122222
