0 0.886458 0.191667 0.023958 0.050000
2 0.108854 0.448148 0.052083 0.198148
1 0.945052 0.653241 0.095312 0.239815
1 0.498698 0.641667 0.049479 0.227778
1 0.342708 0.627778 0.039583 0.183333
1 0.417448 0.578241 0.022396 0.134259
1 0.389844 0.574074 0.031771 0.155556
1 0.340885 0.550000 0.036979 0.101852
3 0.174740 0.556944 0.042188 0.115741
3 0.212760 0.543056 0.033854 0.112037
3 0.287500 0.558796 0.022917 0.132407
3 0.314063 0.539815 0.020833 0.109259
3 0.393229 0.515278 0.020833 0.065741
3 0.410677 0.553704 0.013021 0.109259
