0 0.240365 0.442593 0.022396 0.031481
2 0.110417 0.455093 0.044792 0.189815
1 0.618750 0.642130 0.038542 0.208333
1 0.461979 0.598148 0.029167 0.146296
1 0.419010 0.585648 0.029687 0.154630
1 0.270052 0.625463 0.041146 0.213889
1 0.247135 0.583333 0.021354 0.164815
1 0.564063 0.558796 0.036458 0.123148
3 0.174479 0.570370 0.027083 0.118519
3 0.214844 0.571759 0.033854 0.143519
3 0.477604 0.565278 0.022917 0.110185
3 0.151562 0.568981 0.029167 0.063889
3 0.361458 0.538889 0.021875 0.114815
3 0.232031 0.549074 0.018229 0.098148
