0 0.527083 0.447685 0.012500 0.030556
2 0.728646 0.531481 0.041667 0.157407
1 0.596615 0.564815 0.023438 0.075926
1 0.681510 0.600463 0.026562 0.108333
1 0.536198 0.620370 0.027604 0.138889
1 0.553125 0.611111 0.023958 0.131481
1 0.548438 0.558796 0.022917 0.087963
1 0.457292 0.591667 0.018750 0.107407
3 0.333073 0.657870 0.036979 0.130556
3 0.363802 0.675000 0.041146 0.157407
3 0.450781 0.699074 0.036979 0.168519
3 0.475260 0.639352 0.027604 0.139815
3 0.571354 0.660648 0.030208 0.160185
3 0.596354 0.668056 0.027083 0.162037
