0 0.862760 0.174537 0.019271 0.039815
1 0.877083 0.650926 0.051042 0.179630
1 0.563281 0.643981 0.049479 0.230556
1 0.415625 0.636111 0.036458 0.179630
1 0.445052 0.575926 0.031771 0.142593
1 0.362500 0.578241 0.029167 0.143519
1 0.410938 0.546296 0.027083 0.101852
2 0.112500 0.455556 0.039583 0.190741
3 0.157552 0.555093 0.034896 0.112037
3 0.253646 0.556481 0.022917 0.127778
3 0.282292 0.565278 0.023958 0.113889
3 0.266146 0.542130 0.010417 0.100926
3 0.329948 0.541667 0.020313 0.112963
3 0.358854 0.512037 0.020833 0.094444
