0 0.336979 0.496759 0.011458 0.017593
2 0.102083 0.452778 0.038542 0.190741
1 0.413802 0.631019 0.031771 0.167593
1 0.620573 0.631944 0.040104 0.210185
1 0.582552 0.591667 0.028646 0.172222
1 0.454948 0.570833 0.023438 0.130556
1 0.342708 0.588426 0.034375 0.154630
1 0.401823 0.573148 0.032813 0.151852
3 0.158854 0.558333 0.031250 0.135185
3 0.244271 0.560185 0.025000 0.118519
3 0.305208 0.541667 0.031250 0.112963
3 0.258594 0.542593 0.018229 0.109259
3 0.414583 0.526852 0.023958 0.074074
3 0.406250 0.522222 0.021875 0.059259
