2 0.720052 0.536111 0.040104 0.148148
3 0.573438 0.714352 0.036458 0.162037
3 0.553646 0.629167 0.023958 0.134259
3 0.447396 0.707407 0.045833 0.161111
3 0.454167 0.620833 0.023958 0.071296
3 0.324479 0.648611 0.023958 0.137963
3 0.298438 0.705556 0.044792 0.120370
0 0.684635 0.361574 0.009896 0.026852
1 0.650781 0.604630 0.025521 0.098148
1 0.696354 0.566667 0.029167 0.092593
1 0.525781 0.612037 0.027604 0.118519
1 0.537760 0.577778 0.019271 0.101852
1 0.470573 0.614815 0.025521 0.129630
1 0.454167 0.578704 0.018750 0.083333
