3 0.298177 0.591204 0.041146 0.180556
3 0.344271 0.617593 0.033333 0.198148
3 0.401562 0.600926 0.054167 0.148148
3 0.426823 0.520370 0.023438 0.138889
3 0.518750 0.561111 0.055208 0.140741
3 0.550000 0.529167 0.022917 0.139815
2 0.564063 0.397685 0.036458 0.143519
1 0.255208 0.523611 0.029167 0.123148
1 0.237240 0.501852 0.022396 0.133333
1 0.317448 0.494444 0.019271 0.125926
1 0.355208 0.507870 0.021875 0.132407
1 0.369792 0.513889 0.016667 0.127778
1 0.379167 0.493519 0.020833 0.109259
0 0.108073 0.626852 0.013021 0.031481
