0 0.494531 0.561574 0.015104 0.017593
2 0.466927 0.387963 0.028646 0.125926
1 0.641667 0.596296 0.048958 0.227778
1 0.700000 0.529630 0.035417 0.161111
1 0.466406 0.659722 0.049479 0.262037
1 0.444792 0.546759 0.032292 0.195370
1 0.477604 0.521296 0.022917 0.109259
1 0.534375 0.521296 0.031250 0.162963
3 0.572396 0.489352 0.031250 0.099074
3 0.635156 0.507870 0.030729 0.126852
3 0.770573 0.506944 0.025521 0.115741
3 0.820573 0.522685 0.028646 0.143519
3 0.871615 0.518519 0.031771 0.138889
3 0.699740 0.450463 0.021354 0.050926
