0 0.870313 0.304167 0.023958 0.041667
1 0.876042 0.604167 0.068750 0.263889
1 0.626823 0.635185 0.046354 0.229630
1 0.428125 0.640278 0.034375 0.195370
1 0.467448 0.576852 0.023438 0.135185
1 0.348958 0.580093 0.036458 0.156481
1 0.432812 0.556944 0.031250 0.121296
2 0.107031 0.454167 0.039062 0.184259
3 0.179167 0.560648 0.030208 0.093519
3 0.265365 0.546296 0.017188 0.111111
3 0.279167 0.564352 0.022917 0.123148
3 0.296094 0.556944 0.021354 0.110185
3 0.315625 0.532407 0.017708 0.109259
3 0.401562 0.550926 0.020833 0.103704
