2 0.571354 0.395833 0.032292 0.126852
3 0.510156 0.542130 0.027604 0.136111
3 0.488802 0.578704 0.031771 0.166667
3 0.452865 0.521759 0.031771 0.141667
3 0.421615 0.536574 0.040104 0.137963
3 0.368750 0.587963 0.043750 0.177778
3 0.363542 0.540278 0.041667 0.113889
1 0.265625 0.537963 0.032292 0.146296
1 0.244271 0.499537 0.026042 0.112037
1 0.321615 0.475463 0.032813 0.104630
1 0.344010 0.507870 0.026562 0.125000
1 0.425781 0.502315 0.028646 0.125000
1 0.408854 0.491667 0.019792 0.109259
0 0.254688 0.487500 0.006250 0.010185
