2 0.726302 0.534722 0.042188 0.160185
0 0.072396 0.654167 0.020833 0.037963
3 0.301823 0.650000 0.038021 0.144444
3 0.233594 0.723148 0.044271 0.148148
3 0.567187 0.702778 0.068750 0.166667
3 0.381510 0.681019 0.048438 0.156481
3 0.411198 0.673148 0.034896 0.148148
3 0.482552 0.638426 0.033854 0.134259
1 0.642708 0.592130 0.032292 0.110185
1 0.623958 0.585648 0.026042 0.104630
1 0.556510 0.597222 0.025521 0.081481
1 0.537500 0.580556 0.021875 0.092593
1 0.505469 0.613889 0.025521 0.135185
1 0.462760 0.615278 0.020313 0.119444
