2 0.569531 0.400926 0.030729 0.144444
0 0.414062 0.087500 0.019792 0.026852
3 0.565625 0.537963 0.043750 0.138889
3 0.501823 0.585185 0.044271 0.162963
3 0.382552 0.596296 0.046354 0.185185
3 0.416406 0.564815 0.029687 0.174074
3 0.461198 0.528241 0.030729 0.160185
3 0.263281 0.588889 0.039062 0.164815
1 0.434896 0.514352 0.032292 0.137963
1 0.374479 0.496296 0.025000 0.109259
1 0.386719 0.487963 0.023438 0.098148
1 0.269010 0.472222 0.029687 0.111111
1 0.234635 0.478241 0.025521 0.115741
1 0.203906 0.528241 0.043229 0.126852
