0 0.149740 0.759722 0.028646 0.047222
1 0.182031 0.702778 0.157812 0.194444
1 0.133854 0.527315 0.044792 0.189815
1 0.382812 0.541204 0.032292 0.171296
1 0.473438 0.511574 0.027083 0.143519
1 0.517969 0.524074 0.030729 0.138889
1 0.552083 0.523148 0.040625 0.183333
2 0.348698 0.381944 0.031771 0.141667
3 0.743229 0.534259 0.022917 0.144444
3 0.749219 0.479167 0.026562 0.099074
3 0.598958 0.504167 0.025000 0.128704
3 0.609635 0.493519 0.018229 0.133333
3 0.571615 0.481019 0.019271 0.121296
3 0.507292 0.488426 0.026042 0.108333
