2 0.559375 0.393056 0.036458 0.134259
3 0.530990 0.590741 0.034896 0.162963
3 0.533073 0.523611 0.033854 0.130556
3 0.469792 0.585185 0.056250 0.179630
3 0.429688 0.534259 0.031250 0.144444
3 0.403906 0.566667 0.031771 0.170370
3 0.334115 0.572685 0.040104 0.152778
1 0.191667 0.482870 0.028125 0.112037
1 0.273438 0.514352 0.030208 0.136111
1 0.299219 0.485185 0.022396 0.111111
1 0.332813 0.491667 0.026042 0.074074
1 0.372135 0.503704 0.025521 0.133333
1 0.399740 0.489815 0.027604 0.096296
0 0.310677 0.523148 0.007812 0.016667
