0 0.114323 0.454167 0.009896 0.017593
2 0.560677 0.393981 0.033854 0.128704
3 0.641406 0.572222 0.039062 0.168519
3 0.501823 0.590278 0.035937 0.180556
3 0.391927 0.604630 0.029687 0.196296
3 0.266667 0.596296 0.042708 0.162963
3 0.456771 0.550000 0.035417 0.144444
3 0.496615 0.513426 0.028646 0.091667
1 0.266667 0.516204 0.032292 0.097222
1 0.301302 0.521296 0.031771 0.146296
1 0.359635 0.516204 0.025521 0.132407
1 0.331250 0.484722 0.034375 0.125000
1 0.404167 0.484259 0.022917 0.103704
1 0.111719 0.476852 0.027604 0.101852
