2 0.563021 0.400926 0.028125 0.144444
0 0.109115 0.484259 0.010937 0.016667
3 0.622396 0.564815 0.036458 0.174074
3 0.582031 0.606944 0.048438 0.191667
3 0.450000 0.555556 0.040625 0.159259
3 0.409375 0.604630 0.039583 0.188889
3 0.303125 0.581944 0.037500 0.173148
3 0.275000 0.587037 0.033333 0.151852
1 0.402344 0.510185 0.029687 0.120370
1 0.359115 0.518056 0.025521 0.156481
1 0.376302 0.472222 0.024479 0.111111
1 0.323958 0.537500 0.033333 0.141667
1 0.114583 0.482407 0.025000 0.109259
1 0.409375 0.461574 0.012500 0.050926
