0 0.037500 0.483333 0.016667 0.033333
3 0.266146 0.587963 0.041667 0.164815
3 0.396615 0.624537 0.058854 0.208333
3 0.504427 0.582407 0.044271 0.162963
3 0.566927 0.537037 0.033854 0.157407
3 0.614844 0.552778 0.036979 0.170370
3 0.428646 0.527315 0.028125 0.137963
2 0.560937 0.399074 0.029167 0.138889
1 0.316927 0.528241 0.035937 0.139815
1 0.243750 0.485185 0.017708 0.105556
1 0.269271 0.514352 0.028125 0.113889
1 0.356771 0.484259 0.016667 0.105556
1 0.406250 0.506019 0.020833 0.128704
1 0.234115 0.468981 0.017188 0.102778
