0 0.308594 0.368056 0.022396 0.032407
2 0.110156 0.451389 0.049479 0.171296
3 0.140885 0.560185 0.031771 0.122222
3 0.119531 0.543056 0.019271 0.112037
3 0.261719 0.566667 0.029687 0.142593
3 0.296875 0.551389 0.035417 0.123148
3 0.335677 0.542130 0.027604 0.123148
3 0.408854 0.565741 0.031250 0.127778
1 0.518750 0.582407 0.036458 0.166667
1 0.563281 0.630093 0.039062 0.175000
1 0.372917 0.641667 0.059375 0.183333
1 0.426563 0.632407 0.046875 0.174074
1 0.378906 0.552315 0.029687 0.100926
1 0.634375 0.586574 0.046875 0.160185
