0 0.220312 0.382870 0.013542 0.023148
3 0.392188 0.600926 0.052083 0.188889
3 0.535156 0.590741 0.040104 0.159259
3 0.409896 0.570833 0.039583 0.147222
3 0.523958 0.520833 0.031250 0.136111
3 0.264323 0.609259 0.048438 0.150000
2 0.562760 0.395370 0.026562 0.133333
1 0.167969 0.514815 0.027604 0.122222
1 0.221875 0.456481 0.028125 0.105556
1 0.248438 0.488426 0.021875 0.106481
1 0.327344 0.528704 0.028646 0.127778
1 0.397656 0.487963 0.023438 0.087037
1 0.419271 0.499537 0.019792 0.125000
3 0.559635 0.525000 0.035937 0.151852
