0 0.278385 0.525463 0.016146 0.034259
1 0.170313 0.650000 0.105208 0.301852
1 0.264323 0.565278 0.055729 0.210185
1 0.385677 0.536574 0.035937 0.147222
1 0.508854 0.541667 0.035417 0.183333
1 0.459115 0.542130 0.022396 0.160185
1 0.442188 0.529630 0.019792 0.170370
2 0.351042 0.387037 0.027083 0.133333
3 0.694792 0.513426 0.021875 0.121296
3 0.639062 0.497685 0.028125 0.125000
3 0.619271 0.502315 0.019792 0.125000
3 0.601302 0.489815 0.020313 0.105556
3 0.541146 0.488889 0.027083 0.127778
3 0.488021 0.496296 0.022917 0.137037
