0 0.443490 0.107870 0.018229 0.036111
2 0.565365 0.395833 0.030729 0.136111
3 0.574219 0.531944 0.033854 0.128704
3 0.491406 0.609259 0.061979 0.179630
3 0.469271 0.528241 0.023958 0.141667
3 0.350260 0.597222 0.027604 0.166667
3 0.369271 0.550463 0.031250 0.137963
3 0.455469 0.514352 0.025521 0.121296
1 0.203385 0.506944 0.025521 0.126852
1 0.253906 0.522222 0.023438 0.135185
1 0.319792 0.523611 0.021875 0.150926
1 0.391927 0.499074 0.023438 0.107407
1 0.401042 0.468981 0.021875 0.102778
1 0.442448 0.494907 0.027604 0.149074
