0 0.247917 0.765741 0.018750 0.037037
2 0.735156 0.536111 0.023438 0.144444
3 0.222135 0.798611 0.053646 0.247222
3 0.379688 0.676389 0.037500 0.154630
3 0.257292 0.657870 0.032292 0.149074
3 0.441146 0.621759 0.019792 0.134259
3 0.527604 0.626389 0.029167 0.125000
3 0.627344 0.653241 0.022396 0.123148
1 0.467708 0.585185 0.026042 0.116667
1 0.553125 0.627315 0.025000 0.117593
1 0.547135 0.571759 0.026562 0.080556
1 0.611458 0.589352 0.026042 0.087963
1 0.659115 0.614815 0.020313 0.124074
1 0.642969 0.599074 0.016146 0.107407
