0 0.375000 0.595833 0.020833 0.030556
2 0.727604 0.535648 0.042708 0.150926
1 0.618229 0.602778 0.023958 0.103704
1 0.618490 0.549537 0.014063 0.039815
1 0.478646 0.611111 0.021875 0.131481
1 0.524219 0.618056 0.022396 0.125000
1 0.516406 0.555556 0.017188 0.064815
1 0.450000 0.612037 0.016667 0.103704
3 0.295833 0.643981 0.017708 0.130556
3 0.325781 0.695370 0.059896 0.129630
3 0.391667 0.714352 0.061458 0.165741
3 0.509635 0.703241 0.049479 0.152778
3 0.510417 0.618056 0.025000 0.104630
3 0.455990 0.661574 0.039062 0.143519
