0 0.276562 0.415278 0.010417 0.023148
2 0.558594 0.395833 0.038021 0.134259
1 0.172917 0.505556 0.030208 0.122222
1 0.320052 0.480556 0.029687 0.114815
1 0.275260 0.453704 0.021354 0.092593
1 0.370312 0.515278 0.028125 0.147222
1 0.406510 0.500463 0.026562 0.123148
1 0.428646 0.503704 0.022917 0.107407
3 0.290365 0.587037 0.055729 0.172222
3 0.403385 0.618981 0.038021 0.180556
3 0.454167 0.549074 0.028125 0.159259
3 0.450521 0.500000 0.036458 0.118519
3 0.594271 0.575463 0.033333 0.184259
3 0.662760 0.549074 0.028646 0.151852
