0 0.391146 0.231019 0.017708 0.032407
2 0.562760 0.396296 0.026562 0.127778
3 0.674219 0.557870 0.034896 0.163889
3 0.640104 0.577315 0.035417 0.160185
3 0.424479 0.587037 0.040625 0.170370
3 0.260417 0.583796 0.030208 0.149074
3 0.394792 0.537500 0.031250 0.147222
3 0.428906 0.560185 0.030729 0.159259
1 0.318750 0.526852 0.042708 0.144444
1 0.273438 0.537037 0.040625 0.127778
1 0.223958 0.498611 0.035417 0.115741
1 0.300781 0.460185 0.019271 0.083333
1 0.402083 0.489815 0.021875 0.087037
1 0.387500 0.518056 0.025000 0.121296
