2 0.564323 0.391667 0.033854 0.135185
0 0.761979 0.456019 0.013542 0.030556
3 0.771354 0.598148 0.052083 0.205556
3 0.490885 0.581481 0.040104 0.179630
3 0.327865 0.629167 0.045312 0.175000
3 0.495573 0.487500 0.019271 0.078704
3 0.383854 0.548611 0.030208 0.143519
3 0.287760 0.555093 0.038021 0.147222
1 0.446354 0.484259 0.025000 0.125926
1 0.412500 0.500463 0.030208 0.104630
1 0.362760 0.483333 0.024479 0.107407
1 0.313281 0.488889 0.038021 0.116667
1 0.283073 0.468056 0.026562 0.086111
1 0.241406 0.514352 0.025521 0.110185
