2 0.571615 0.395833 0.039062 0.134259
0 0.767969 0.636574 0.020313 0.049074
3 0.752865 0.641667 0.070312 0.235185
3 0.525000 0.516667 0.026042 0.125926
3 0.462240 0.600000 0.044271 0.161111
3 0.315365 0.614815 0.056771 0.190741
3 0.422656 0.522685 0.023438 0.143519
3 0.275000 0.559259 0.034375 0.157407
1 0.197917 0.498611 0.041667 0.134259
1 0.244531 0.495833 0.026562 0.123148
1 0.309375 0.495370 0.025000 0.109259
1 0.342969 0.525463 0.021354 0.134259
1 0.376302 0.481481 0.033854 0.103704
1 0.443750 0.482407 0.034375 0.112963
