2 0.563281 0.387500 0.029687 0.115741
0 0.201563 0.521296 0.012500 0.029630
3 0.356771 0.613426 0.037500 0.182407
3 0.454688 0.565278 0.044792 0.182407
3 0.527083 0.528704 0.039583 0.146296
3 0.402344 0.562037 0.034896 0.161111
3 0.308073 0.556481 0.034896 0.159259
3 0.329688 0.545370 0.028125 0.135185
1 0.366927 0.499074 0.027604 0.125926
1 0.390885 0.496759 0.031771 0.093519
1 0.341667 0.512500 0.022917 0.136111
1 0.324219 0.489815 0.019271 0.096296
1 0.297656 0.449537 0.028646 0.076852
1 0.205990 0.503241 0.047396 0.117593
