0 0.419531 0.853704 0.021354 0.033333
2 0.726823 0.532870 0.046354 0.191667
1 0.666667 0.599074 0.027083 0.116667
1 0.643750 0.582870 0.029167 0.112037
1 0.564323 0.600463 0.025521 0.106481
1 0.565625 0.581481 0.029167 0.081481
1 0.542448 0.577315 0.019271 0.086111
1 0.462240 0.590741 0.013021 0.133333
3 0.473177 0.625926 0.028646 0.127778
3 0.533333 0.633333 0.030208 0.142593
3 0.336198 0.638426 0.015104 0.130556
3 0.247396 0.692130 0.035417 0.178704
3 0.357552 0.686111 0.019271 0.150000
3 0.371615 0.771296 0.054688 0.233333
