2 0.566146 0.396296 0.033333 0.135185
0 0.325260 0.571759 0.017188 0.034259
3 0.391146 0.625926 0.086458 0.157407
3 0.532292 0.587037 0.033333 0.157407
3 0.524219 0.527778 0.027604 0.148148
3 0.451042 0.528241 0.029167 0.136111
3 0.419271 0.557870 0.045833 0.171296
3 0.251042 0.575926 0.038542 0.153704
1 0.208594 0.532870 0.030729 0.130556
1 0.325260 0.537963 0.036979 0.146296
1 0.461458 0.493056 0.020833 0.132407
1 0.424219 0.492593 0.027604 0.105556
1 0.384115 0.514815 0.032813 0.137037
1 0.389323 0.471296 0.022396 0.114815
