0 0.420573 0.461574 0.017188 0.034259
2 0.109375 0.453704 0.053125 0.187037
1 0.332813 0.642593 0.061458 0.240741
1 0.511979 0.634259 0.043750 0.211111
1 0.453906 0.600463 0.028646 0.145370
1 0.419010 0.568519 0.034896 0.162963
1 0.235937 0.612963 0.044792 0.188889
1 0.656510 0.590278 0.056771 0.150926
3 0.177344 0.546759 0.031771 0.113889
3 0.199219 0.563889 0.027604 0.114815
3 0.289062 0.573611 0.030208 0.152778
3 0.298177 0.550000 0.022396 0.125926
3 0.382812 0.566667 0.026042 0.116667
3 0.382292 0.531481 0.031250 0.096296
