0 0.415885 0.330093 0.015104 0.037963
2 0.108073 0.453704 0.050521 0.194444
3 0.238281 0.568981 0.031771 0.139815
3 0.199479 0.546759 0.027083 0.112037
3 0.296875 0.544444 0.021875 0.118519
3 0.315104 0.568056 0.023958 0.126852
3 0.332813 0.565278 0.022917 0.150926
3 0.427344 0.570370 0.029687 0.103704
1 0.366667 0.612500 0.031250 0.165741
1 0.347656 0.587500 0.029687 0.175000
1 0.540625 0.579630 0.032292 0.129630
1 0.405990 0.556481 0.029687 0.192593
1 0.614062 0.648611 0.057292 0.228704
1 0.660417 0.609722 0.035417 0.200926
