2 0.464062 0.387037 0.031250 0.137037
1 0.434115 0.561574 0.028646 0.162037
1 0.387500 0.531019 0.032292 0.169444
1 0.455729 0.508796 0.025000 0.156481
1 0.575260 0.557870 0.061979 0.199074
1 0.658594 0.568519 0.060937 0.218519
1 0.694010 0.537037 0.023438 0.150000
3 0.787500 0.510185 0.021875 0.120370
3 0.831510 0.531481 0.024479 0.157407
3 0.879687 0.512037 0.027083 0.131481
3 0.825521 0.463889 0.016667 0.075926
3 0.603125 0.494444 0.020833 0.105556
3 0.682813 0.518056 0.018750 0.139815
0 0.820312 0.472685 0.008333 0.019444
