2 0.568229 0.399537 0.043750 0.134259
0 0.322917 0.407407 0.011458 0.020370
3 0.599219 0.550463 0.033854 0.147222
3 0.592187 0.563889 0.044792 0.172222
3 0.449479 0.533796 0.026042 0.156481
3 0.404687 0.567593 0.029167 0.164815
3 0.408333 0.509722 0.032292 0.093519
3 0.282813 0.575926 0.034375 0.142593
1 0.244531 0.505093 0.022396 0.126852
1 0.296615 0.539352 0.030729 0.132407
1 0.327604 0.478704 0.032292 0.124074
1 0.379688 0.510185 0.032292 0.137037
1 0.435677 0.500463 0.022396 0.119444
1 0.408854 0.487500 0.026042 0.102778
