0 0.602865 0.417130 0.007812 0.017593
2 0.351562 0.386574 0.027083 0.136111
1 0.459115 0.559722 0.048438 0.202778
1 0.368490 0.563889 0.053646 0.172222
1 0.295833 0.546296 0.041667 0.150000
1 0.316406 0.506481 0.040104 0.153704
1 0.557552 0.567593 0.035937 0.201852
1 0.605729 0.566667 0.033333 0.166667
3 0.642969 0.517593 0.027604 0.172222
3 0.745833 0.505556 0.021875 0.118519
3 0.664583 0.487963 0.022917 0.107407
3 0.607031 0.465741 0.016146 0.066667
3 0.577604 0.518981 0.021875 0.150926
3 0.456250 0.465278 0.026042 0.078704
