2 0.566667 0.394444 0.029167 0.129630
0 0.333073 0.227778 0.020313 0.025926
3 0.572396 0.581481 0.037500 0.164815
3 0.487240 0.521759 0.028646 0.150926
3 0.463281 0.527778 0.026562 0.148148
3 0.411719 0.557407 0.035937 0.144444
3 0.361198 0.606019 0.044271 0.186111
3 0.281771 0.579167 0.033333 0.145370
1 0.248698 0.488889 0.039062 0.109259
1 0.301563 0.536111 0.041667 0.138889
1 0.376563 0.508796 0.026042 0.106481
1 0.347917 0.473148 0.028125 0.109259
1 0.426042 0.491667 0.029167 0.101852
1 0.469271 0.486111 0.028125 0.112963
