2 0.723698 0.534722 0.042188 0.169444
3 0.294792 0.695833 0.059375 0.134259
3 0.342708 0.628241 0.026042 0.136111
3 0.413281 0.711574 0.054688 0.171296
3 0.439583 0.651852 0.036458 0.142593
3 0.533333 0.633333 0.020833 0.144444
3 0.568750 0.654167 0.034375 0.156481
0 0.450781 0.618981 0.009896 0.021296
1 0.662500 0.590278 0.021875 0.117593
1 0.640625 0.613889 0.021875 0.109259
1 0.622917 0.622222 0.023958 0.135185
1 0.517708 0.613426 0.020833 0.132407
1 0.460417 0.620833 0.035417 0.119444
1 0.422135 0.593981 0.016146 0.112037
