0 0.068750 0.823611 0.017708 0.032407
2 0.728906 0.525000 0.036979 0.161111
3 0.625521 0.654630 0.034375 0.151852
3 0.477604 0.717130 0.035417 0.171296
3 0.493750 0.634722 0.020833 0.123148
3 0.408073 0.618981 0.025521 0.126852
3 0.321094 0.672222 0.038021 0.157407
3 0.329427 0.609259 0.024479 0.096296
1 0.566406 0.585648 0.022396 0.099074
1 0.598698 0.583796 0.022396 0.104630
1 0.663021 0.594907 0.028125 0.108333
1 0.526823 0.581481 0.028646 0.105556
1 0.478646 0.595370 0.019792 0.077778
1 0.471875 0.582407 0.020833 0.116667
