0 0.295833 0.523611 0.012500 0.034259
2 0.110417 0.450463 0.050000 0.193519
1 0.451042 0.641667 0.046875 0.214815
1 0.534896 0.622685 0.030208 0.171296
1 0.597656 0.590741 0.024479 0.162963
1 0.574740 0.595370 0.035937 0.179630
1 0.332292 0.591204 0.041667 0.169444
1 0.374740 0.577315 0.022396 0.141667
3 0.153385 0.567593 0.032813 0.140741
3 0.194271 0.530093 0.028125 0.117593
3 0.279427 0.548148 0.028646 0.107407
3 0.391927 0.553241 0.032813 0.125000
3 0.357812 0.572222 0.016667 0.133333
3 0.345833 0.512037 0.025000 0.053704
