2 0.566406 0.398611 0.027604 0.145370
0 0.726562 0.608796 0.015625 0.049074
3 0.715104 0.647685 0.046875 0.245370
3 0.540885 0.518981 0.030729 0.128704
3 0.454167 0.584259 0.032292 0.157407
3 0.397656 0.525926 0.031771 0.142593
3 0.321094 0.630556 0.040104 0.205556
3 0.326562 0.533796 0.029167 0.143519
1 0.455729 0.492593 0.021875 0.087037
1 0.442969 0.488426 0.023438 0.126852
1 0.206771 0.510648 0.027083 0.128704
1 0.268750 0.489352 0.028125 0.123148
1 0.318490 0.474537 0.024479 0.080556
1 0.384115 0.494444 0.039062 0.129630
