2 0.103906 0.451852 0.034896 0.187037
1 0.269531 0.615741 0.040104 0.203704
1 0.456250 0.640741 0.036458 0.175926
1 0.549479 0.629630 0.037500 0.196296
1 0.592969 0.605556 0.035937 0.179630
1 0.615625 0.587037 0.028125 0.157407
1 0.641927 0.592130 0.024479 0.147222
0 0.134375 0.534722 0.007292 0.021296
3 0.206771 0.581481 0.040625 0.161111
3 0.222396 0.536574 0.021875 0.121296
3 0.345052 0.568519 0.033854 0.142593
3 0.341406 0.537500 0.020313 0.110185
3 0.436458 0.563426 0.034375 0.132407
3 0.133594 0.530556 0.024479 0.103704
