0 0.416667 0.471759 0.015625 0.028704
2 0.729948 0.532870 0.039062 0.149074
3 0.546354 0.702778 0.026042 0.157407
3 0.359115 0.690741 0.046354 0.166667
3 0.510938 0.631019 0.026042 0.137963
3 0.527604 0.639352 0.022917 0.139815
3 0.342448 0.643981 0.024479 0.141667
3 0.360417 0.616667 0.018750 0.081481
1 0.419010 0.597222 0.025521 0.112963
1 0.469271 0.609722 0.017708 0.117593
1 0.478906 0.598148 0.019271 0.122222
1 0.657552 0.625463 0.044271 0.136111
1 0.593229 0.587963 0.026042 0.112963
1 0.560417 0.610648 0.022917 0.102778
