0 0.423698 0.417130 0.016146 0.025000
2 0.731510 0.536574 0.040104 0.147222
3 0.562760 0.685185 0.025521 0.146296
3 0.529948 0.639815 0.024479 0.140741
3 0.504687 0.630093 0.031250 0.136111
3 0.383594 0.693981 0.039062 0.175000
3 0.403385 0.631944 0.030729 0.106481
3 0.367448 0.627315 0.030729 0.106481
1 0.610938 0.619907 0.028125 0.125000
1 0.599479 0.580093 0.017708 0.100926
1 0.576562 0.611574 0.030208 0.102778
1 0.476823 0.590741 0.026562 0.096296
1 0.446094 0.605556 0.017188 0.116667
1 0.431510 0.613426 0.015104 0.104630
